Kalibrierrun vom Mon Feb 28 15:47:09 2000; RV; 004 Grad Schritte; fuer w negativ
auu auv auw au0 avu avv avw av0 awu awv aww aw0
  1.02684 -0.01287 -0.20751 -0.06204 -0.00452  1.19630  0.00381  0.01273 -0.00521 -0.00529  1.01642 -0.01714
  1.02794 -0.01464 -0.20056 -0.06070  0.00753  0.93384  0.00310  0.01783 -0.00124 -0.05318  1.01933 -0.01936
  1.03338 -0.03791 -0.18847 -0.06305  0.00027  0.99313  0.00648  0.01519 -0.01028  0.00181  1.02168 -0.01322
  1.03410 -0.02916 -0.17152 -0.06233  0.00668  0.96041  0.00523  0.01191 -0.01135  0.01538  1.03580 -0.01167
  1.02986 -0.01567 -0.16339 -0.05419  0.00012  0.98186 -0.00487  0.01020 -0.01295  0.02172  1.03899 -0.00946
  1.03692 -0.03508 -0.16490 -0.05743 -0.00120  0.98943 -0.01442 -0.00285 -0.00716  0.00725  1.03534 -0.01394
  1.04976 -0.06508 -0.16951 -0.05807  0.01478  0.95206 -0.02501 -0.00779  0.00220 -0.01690  1.02866 -0.01284
  1.03610 -0.03375 -0.15473 -0.05978 -0.00329  0.99801 -0.00120 -0.01694 -0.00304 -0.00530  1.03789 -0.01017
  1.01332  0.00923 -0.13255 -0.06039 -0.00246  1.00482  0.02098 -0.02023 -0.01392  0.01349  1.04996 -0.00517
  1.01833  0.00760 -0.10848 -0.05636 -0.00279  1.00716  0.02493 -0.02053 -0.01612  0.01710  1.05142 -0.00512
  1.02635  0.00238 -0.08990 -0.05604 -0.00746  1.01017  0.01337 -0.02541 -0.01599  0.01699  1.05218 -0.00593
  1.03235  0.00105 -0.06949 -0.05622 -0.01148  1.00859 -0.00226 -0.02248 -0.01916  0.02106  1.05629 -0.00715
  1.03969 -0.00222 -0.05209 -0.05362 -0.00166  0.99704 -0.00907 -0.01836 -0.01393  0.01733  1.05943 -0.00850
  1.04626 -0.00308 -0.03278 -0.05198 -0.01690  1.01001 -0.01847 -0.02565 -0.00598  0.01238  1.06297 -0.01095
  1.05072 -0.00353 -0.01675 -0.04560 -0.02696  1.01473 -0.03014 -0.02771  0.01733 -0.00268  1.06552 -0.00981
  1.03200  0.01006  0.00074 -0.04169 -0.01604  1.00778 -0.04026 -0.03372  0.01195  0.00007  1.06613 -0.00728
  1.01491  0.02045  0.02088 -0.03502 -0.02517  1.01053 -0.04919 -0.03329  0.00388  0.00363  1.06403 -0.00778
  1.01308  0.02285  0.03370 -0.03472 -0.00910  1.00207 -0.06184 -0.03667  0.01050  0.00022  1.06082 -0.00773
  1.00813  0.02992  0.05847 -0.04025 -0.01499  1.00311 -0.07409 -0.03870  0.02246 -0.00364  1.05927 -0.00862
  1.01732  0.03097  0.08084 -0.03819 -0.02455  1.00329 -0.08535 -0.03777  0.01275 -0.00032  1.06062 -0.01063
  1.01891  0.03174  0.09362 -0.03358 -0.00846  0.99811 -0.09913 -0.03762  0.00972  0.00026  1.06135 -0.00978
  1.00259  0.03319  0.08919 -0.03203 -0.03359  0.99660 -0.13113 -0.04258  0.00324  0.00160  1.06095 -0.01236
  0.97964  0.03071  0.06767 -0.03472 -0.12447  0.99420 -0.17690 -0.04654 -0.02623  0.00191  1.05185 -0.01613
  1.05894  0.03199  0.06384 -0.03207 -0.01855  0.99633 -0.18013 -0.04223  0.01872  0.00298  1.05217 -0.01481
  1.07792  0.03533  0.07883 -0.02624  0.03730  1.00614 -0.15931 -0.04073  0.02482  0.00532  1.05991 -0.01570
  1.07138  0.03429  0.09077 -0.01346  0.02275  1.00713 -0.14946 -0.04034  0.01100  0.00397  1.06504 -0.01461
  1.03659  0.02519  0.09783  0.00065 -0.02456  0.99458 -0.15432 -0.03725 -0.00955 -0.00226  1.05978 -0.01289
  1.00785  0.01623  0.10225  0.00653 -0.04819  0.98540 -0.16378 -0.03775 -0.01084 -0.00402  1.05393 -0.01396
  0.99174  0.00966  0.10169  0.00742 -0.03075  0.99027 -0.17488 -0.04095 -0.00758 -0.00428  1.04708 -0.01371
  0.99822  0.01143  0.09640  0.00934 -0.03067  0.98893 -0.17823 -0.03831 -0.00686 -0.00436  1.04643 -0.01402
  0.96686 -0.00829  0.09023  0.01220 -0.02745  0.98931 -0.17737 -0.03482  0.00399  0.00300  1.04985 -0.01396
  0.97354 -0.00689  0.08217  0.01569 -0.04568  0.97749 -0.17462 -0.03683  0.00330  0.00424  1.05862 -0.01352
  0.97570 -0.00455  0.06966  0.00712 -0.03455  0.98456 -0.17073 -0.03712  0.00461  0.00759  1.06997 -0.01358
  0.99138  0.00542  0.05663  0.01086 -0.02757  0.99180 -0.16233 -0.03751  0.01070  0.01421  1.07830 -0.01152
  0.97172 -0.01516  0.05405  0.00667 -0.01793  1.00395 -0.14660 -0.03028  0.00222  0.00750  1.08565 -0.01069
  0.97609 -0.00825  0.07346  0.01709 -0.02214  1.00471 -0.11856 -0.01872 -0.00049  0.00429  1.08880 -0.00681
  0.93683 -0.05719  0.10070  0.02125 -0.04347  0.98259 -0.09057 -0.01501  0.00335  0.01267  1.09817 -0.00964
  0.98542  0.01971  0.09020  0.01829 -0.01868  1.03422 -0.06081 -0.02004  0.02004  0.04361  1.10919 -0.01270
  1.00337  0.05517  0.07068 -0.00257 -0.00705  1.06865 -0.02327 -0.01998  0.01508  0.03523  1.10714 -0.01307
  1.05918  0.17560  0.04116 -0.02710  0.04442  1.19916  0.00022 -0.03534 -0.01412 -0.03728  1.08662 -0.01661
  1.13045  0.40049  0.01219 -0.15005  0.01960  1.14648  0.02199 -0.09402  0.01789  0.03545  1.05683 -0.01647
  1.13793  0.52318 -0.01656 -0.33609 -0.04406  1.00349  0.10971 -0.15695  0.04733  0.11908  1.02174 -0.01179
  1.19482  0.80396 -0.08289 -0.46589 -0.04751  0.99942  0.13968 -0.15946  0.00259 -0.04987  1.03197 -0.05414
  1.23316  1.20632 -0.05894 -0.50487 -0.03740  0.96761  0.09078 -0.10769  0.03771  0.17622  1.03798 -0.07724
  1.15730  0.36457  0.10746 -0.44985 -0.03824  0.97604  0.11508 -0.04057  0.02866  0.12745  1.06054 -0.08419
  1.17470 -0.47350  0.09615 -0.44948 -0.00854  1.25124  0.07576  0.08715  0.02263  0.14183  1.08289 -0.08015
  1.19611 -0.95882  0.05322 -0.59889 -0.00637  1.29511 -0.00344  0.20329  0.03823 -0.08268  1.06191 -0.06785
  1.28862 -1.41786  0.04688 -0.45962  0.03481  0.92097 -0.01925  0.19097  0.05516 -0.20389  1.01214 -0.07723
  1.14817 -0.59068  0.03359 -0.30962 -0.03541  1.15016 -0.00818  0.14671  0.03887 -0.10184  1.00465 -0.04006
  1.10016 -0.35911  0.06932 -0.18322 -0.11362  1.40052  0.01646  0.14126  0.00412  0.02960  1.01674 -0.02126
  1.03655 -0.13284  0.06118 -0.06450 -0.01364  1.09750  0.02636  0.07636  0.02242 -0.03131  1.04055 -0.01468
  1.02224 -0.08460  0.07603 -0.00119  0.00615  1.03960  0.05304  0.05231  0.01945 -0.03486  1.06223 -0.01913
  0.99435 -0.03307  0.11026  0.00900 -0.00363  1.05131  0.07813  0.05425  0.01912 -0.03552  1.06825 -0.01568
  0.94242  0.05027  0.13420  0.01854  0.01207  1.01973  0.09419  0.04872  0.00933 -0.01785  1.06454 -0.01294
  0.97258  0.01010  0.12339  0.01901  0.02986  0.98990  0.11690  0.05061  0.01086 -0.01929  1.06312 -0.01239
  0.99229 -0.01187  0.09983  0.00924  0.01690  1.00350  0.14110  0.05945 -0.00192 -0.00714  1.06791 -0.01727
  0.98498 -0.00263  0.08912  0.00379  0.03363  0.98138  0.16543  0.06241 -0.00231 -0.00425  1.05980 -0.01636
  0.98434 -0.00230  0.09018  0.00630  0.01150  1.00058  0.17713  0.06632  0.00472 -0.00963  1.05521 -0.01481
  0.97816  0.00264  0.09456  0.00773  0.01648  0.99527  0.18112  0.06521  0.01051 -0.01435  1.05659 -0.01462
  0.99919 -0.01041  0.08769  0.00467  0.02189  0.99156  0.18368  0.06730  0.00402 -0.01028  1.05764 -0.01695
  0.98026 -0.00035  0.08959  0.00229  0.05668  0.97327  0.18045  0.06933  0.00053 -0.00789  1.05667 -0.01526
  0.97360  0.00311  0.09129  0.00290  0.02460  0.99005  0.17640  0.06686  0.00003 -0.00885  1.06125 -0.01527
  1.00234 -0.00700  0.08568  0.00501  0.01584  0.99428  0.17057  0.06900  0.00340 -0.01182  1.06837 -0.01531
  1.06433 -0.02677  0.07470 -0.00373 -0.01686  1.00421  0.17029  0.06825  0.01240 -0.01564  1.07225 -0.01566
  1.10677 -0.03816  0.06398 -0.02267 -0.04128  1.00697  0.17780  0.06916  0.02569 -0.01743  1.06857 -0.01236
  1.04648 -0.02733  0.05609 -0.02939  0.02343  0.99679  0.19105  0.08290  0.00577 -0.01322  1.05992 -0.01424
  0.98220 -0.02350  0.06316 -0.03505  0.12429  0.98867  0.17816  0.07862 -0.02220 -0.01077  1.06345 -0.01327
  1.02333 -0.02952  0.08298 -0.04042  0.07213  0.99588  0.14684  0.07880 -0.00790 -0.01292  1.07307 -0.01367
  1.02637 -0.02989  0.09329 -0.03477  0.00207  0.99594  0.11404  0.06576  0.00848 -0.01179  1.07767 -0.00775
  1.01845 -0.02939  0.08362 -0.03977 -0.02677  0.99699  0.08986  0.06746  0.00259 -0.01212  1.07154 -0.01047
  1.02125 -0.02656  0.06368 -0.04505 -0.00306  1.00260  0.07888  0.06813  0.00805 -0.00974  1.06449 -0.00805
  1.03374 -0.01902  0.04236 -0.04336  0.00034  1.00301  0.07494  0.06458  0.00893 -0.00935  1.06448 -0.00675
  1.03179 -0.01606  0.02447 -0.04309  0.01095  1.00777  0.06503  0.06191 -0.00015 -0.01229  1.06433 -0.00644
  1.03167 -0.01448  0.00903 -0.04719  0.01977  1.01362  0.05055  0.05861  0.00483 -0.01019  1.06571 -0.00539
  1.02862 -0.01314 -0.00948 -0.04807 -0.00682  1.00171  0.03844  0.05417  0.00945 -0.00820  1.06450 -0.00765
  1.03226 -0.00813 -0.02399 -0.04809  0.01584  1.01557  0.03076  0.05117 -0.00145 -0.01417  1.06345 -0.00718
  1.03447 -0.00430 -0.03972 -0.05133 -0.00070  1.00699  0.02185  0.05033  0.00222 -0.01148  1.06311 -0.00714
  1.02708 -0.00626 -0.06096 -0.05281  0.00679  1.01436  0.01885  0.04896 -0.00473 -0.01614  1.05955 -0.00700
  1.01984 -0.00981 -0.08100 -0.05513 -0.00538  1.00631  0.01047  0.05000 -0.00493 -0.01627  1.05687 -0.00785
  1.02700  0.00160 -0.09769 -0.05477 -0.02216  0.99276 -0.00460  0.05153 -0.00363 -0.01440  1.05416 -0.00981
  1.00678 -0.01692 -0.11962 -0.05491  0.00237  1.02485 -0.00929  0.05401 -0.01173 -0.02471  1.05458 -0.01008
  1.02812  0.01862 -0.14537 -0.05879 -0.02046  0.98883  0.00189  0.05246 -0.00843 -0.01949  1.05266 -0.01064
  1.05098  0.06407 -0.17185 -0.05757 -0.04602  0.93527  0.03332  0.04387  0.00648  0.00843  1.04075 -0.00791
  1.03943  0.04597 -0.18618 -0.05492 -0.02314  0.97258  0.05596  0.04081  0.00620  0.00813  1.02999 -0.01250
  1.02856  0.01904 -0.18797 -0.05776  0.00550  1.03896  0.05678  0.03815 -0.00677 -0.02099  1.02738 -0.01319
  1.03212  0.02343 -0.18423 -0.06235  0.00588  1.04377  0.03539  0.02507 -0.00704 -0.02149  1.02949 -0.01131
  1.03094  0.02029 -0.18552 -0.06148 -0.00831  0.99191  0.02699  0.01564 -0.00991 -0.03155  1.02538 -0.01311
  1.03471  0.05528 -0.19438 -0.05949 -0.01793  0.95184  0.01411  0.01317 -0.00454 -0.00364  1.02359 -0.01373
  1.02507  0.01134 -0.20370 -0.05694 -0.02009  0.93920  0.00879  0.01291 -0.00675 -0.00718  1.01590 -0.01258
  1.02593  0.02507 -0.20632 -0.06041 -0.01755  1.01727  0.01199  0.02496 -0.00627  0.00606  1.01244 -0.01454
