Kalibrierrun vom Mon Feb 28 15:44:40 2000; RV; 004 Grad Schritte; fuer w negativ
auu auv auw au0 avu avv avw av0 awu awv aww aw0
  1.02478  0.02124 -0.20255 -0.01831 -0.01121  1.24688  0.00030 -0.01959 -0.01346 -0.02842  1.02123 -0.00010
  1.02867 -0.00611 -0.18944 -0.02211  0.00064  0.96013  0.00267 -0.00544 -0.01373 -0.03566  1.02252  0.00144
  1.03204 -0.02574 -0.17903 -0.01625  0.00186  0.96466  0.00591 -0.00806 -0.01838  0.00628  1.03059  0.00237
  1.02661  0.00792 -0.16439 -0.01550  0.00431  0.95423  0.00427 -0.01196 -0.02033  0.02065  1.04381  0.00542
  1.02844  0.00074 -0.16188 -0.01586 -0.01057  1.01356 -0.00520 -0.02613 -0.02357  0.03562  1.04678  0.00250
  1.04418 -0.04446 -0.16348 -0.01248 -0.00050  0.98774 -0.01633 -0.03499 -0.01286  0.00313  1.04215  0.00614
  1.03780 -0.02813 -0.16583 -0.01713 -0.00229  0.99579 -0.03100 -0.05066 -0.01226 -0.00054  1.03556  0.00565
  1.04180 -0.03320 -0.15273 -0.01977 -0.00382  0.99997 -0.01234 -0.05417 -0.01030 -0.00396  1.04459  0.00866
  1.01835  0.01138 -0.12624 -0.01888 -0.01280  1.01972  0.01583 -0.05260 -0.02360  0.02063  1.05865  0.00938
  1.00949  0.02860 -0.10353 -0.01672 -0.01776  1.02699  0.02182 -0.05470 -0.02027  0.01728  1.06060  0.00895
  1.02213  0.01600 -0.08552 -0.01546 -0.00793  1.01362  0.01174 -0.06059 -0.02032  0.01684  1.06193  0.01135
  1.04227 -0.00022 -0.06561 -0.01231  0.00277  0.99999  0.00040 -0.06094 -0.02627  0.02449  1.06641  0.01029
  1.03815  0.00780 -0.04473 -0.00659 -0.02392  1.02190 -0.00840 -0.05944 -0.02157  0.02163  1.07062  0.00869
  1.03773  0.01211 -0.02542 -0.00661 -0.00917  1.00963 -0.01450 -0.06158 -0.00401  0.00895  1.07262  0.00625
  1.04812  0.00784 -0.00825 -0.00071 -0.02001  1.01721 -0.02211 -0.06787 -0.00366  0.00838  1.07582  0.00991
  1.02888  0.02135  0.00852  0.00390 -0.00829  1.00941 -0.03045 -0.07248 -0.00127  0.00598  1.07499  0.01226
  1.02656  0.02414  0.02410  0.00913 -0.00535  1.00706 -0.03986 -0.07370 -0.01028  0.01027  1.07491  0.01173
  1.01532  0.03169  0.03697  0.00711  0.00190  1.00344 -0.05227 -0.07520 -0.00371  0.00707  1.07252  0.01198
  1.00825  0.03706  0.05554  0.00785 -0.00982  1.00584 -0.06664 -0.08050  0.01067  0.00250  1.07191  0.01251
  1.02415  0.03644  0.08105  0.01162 -0.01433  1.00579 -0.07103 -0.07869  0.00356  0.00471  1.07299  0.00995
  1.01928  0.03831  0.09412  0.01915  0.01423  1.00118 -0.07940 -0.08675  0.00415  0.00552  1.07501  0.00703
  1.00431  0.03795  0.09554  0.02922 -0.03378  1.00145 -0.10346 -0.08147 -0.01498  0.00697  1.07488  0.00884
  1.02330  0.03579  0.08222  0.02179 -0.07379  0.99776 -0.13437 -0.08457 -0.02907  0.00653  1.06624  0.00512
  1.01973  0.03389  0.07158  0.01804 -0.05938  0.99685 -0.15155 -0.09671 -0.01803  0.00586  1.05998  0.00215
  1.07340  0.03931  0.07988  0.02556 -0.00630  0.99995 -0.15000 -0.08497 -0.00346  0.00752  1.06161  0.00322
  1.06466  0.03853  0.09081  0.03721 -0.00536  1.00069 -0.14480 -0.08145 -0.01690  0.00503  1.06358  0.00439
  1.02897  0.02832  0.09853  0.05119 -0.00573  1.00044 -0.14236 -0.07784 -0.00900  0.00673  1.06213  0.00386
  1.00478  0.01998  0.10663  0.06257 -0.04179  0.98710 -0.15283 -0.07629 -0.00527  0.00742  1.05345  0.00167
  0.96634  0.00476  0.10771  0.06165 -0.03604  0.98911 -0.16485 -0.08401 -0.00272  0.00741  1.04745  0.00329
  0.97383  0.00563  0.10118  0.06000 -0.03756  0.98694 -0.17451 -0.08297 -0.01284  0.00235  1.04369  0.00331
  0.98047  0.00658  0.09477  0.06192 -0.02780  0.99187 -0.17543 -0.08106 -0.00089  0.00985  1.04563  0.00317
  0.97185 -0.00297  0.08509  0.06771 -0.04124  0.98338 -0.17478 -0.08197 -0.01549  0.00166  1.05238  0.00225
  0.96774 -0.00667  0.07433  0.06102 -0.02623  0.99476 -0.16583 -0.07485 -0.01580  0.00334  1.06647  0.00257
  0.96321 -0.01451  0.05797  0.05669 -0.03420  0.99021 -0.15611 -0.07578 -0.00061  0.01898  1.08081  0.00588
  0.99745  0.01353  0.04552  0.07077 -0.02216  1.00411 -0.14371 -0.06523 -0.01698  0.00481  1.09219  0.00648
  0.99032  0.00990  0.06534  0.07587 -0.04036  0.99006 -0.11403 -0.05618 -0.01608  0.00906  1.09880  0.00504
  1.00063  0.03584  0.10858  0.07819 -0.05413  0.97917 -0.08252 -0.04875 -0.00804  0.02119  1.10016  0.00472
  0.96069 -0.02564  0.10953  0.08225 -0.02107  1.04485 -0.05326 -0.05185  0.00718  0.04782  1.10727  0.00236
  0.99036  0.02987  0.08320  0.06871 -0.04044  1.01821 -0.02305 -0.04479 -0.01748 -0.00106  1.10560  0.00014
  1.05556  0.17686  0.05714  0.05198  0.03195  1.19035 -0.00882 -0.04356  0.00144  0.03988  1.09702 -0.00255
  1.09819  0.29845  0.00545 -0.03706  0.02583  1.17589 -0.02578 -0.09503 -0.01237 -0.00703  1.07823  0.00284
  1.14558  0.49030 -0.02575 -0.15489  0.00391  1.10099  0.02611 -0.09221  0.02200  0.09802  1.05678  0.00016
  1.19894  0.86593 -0.03317 -0.35241 -0.04825  0.91248  0.04456 -0.12211  0.01352  0.08724  1.04900 -0.04071
  1.13414  0.62111  0.04126 -0.52740 -0.06318  0.95598  0.02996 -0.17340  0.01406  0.09143  1.07672 -0.05449
  1.17771  1.30365  0.05197 -0.40539 -0.01997  1.39792 -0.02124 -0.09688  0.01847  0.20571  1.08463 -0.06001
  1.17993 -0.40817  0.05477 -0.30106  0.01760  0.85188 -0.11940  0.06351  0.02018  0.14214  1.06810 -0.03820
  1.25165 -1.38069  0.07955 -0.35883  0.02674  1.04172 -0.15295  0.12271  0.02095  0.02565  1.04094 -0.05392
  1.21941 -0.86977 -0.05988 -0.25646  0.06748  0.68785 -0.09541  0.11779  0.06847 -0.24672  1.00585 -0.00893
  1.16516 -0.58426  0.03099 -0.11067 -0.09188  1.38181 -0.08019  0.06721  0.03465 -0.06951  1.01034  0.00451
  1.07426 -0.23531  0.06448 -0.00414 -0.07072  1.26004 -0.00570  0.06183  0.03511 -0.07142  1.03415  0.01854
  1.01940 -0.07544  0.09811  0.06890 -0.02578  1.11791 -0.00130  0.02043  0.02551 -0.05586  1.06041  0.01706
  1.00930 -0.05456  0.10214  0.07366 -0.01633  1.08293  0.03142  0.03052  0.02442 -0.06310  1.08032  0.01246
  0.95058  0.05322  0.13568  0.08787  0.02032  1.00615  0.05712  0.02803  0.01210 -0.04183  1.08097  0.00822
  0.94186  0.06700  0.14524  0.09110  0.01908  1.00356  0.08412  0.03095 -0.00407 -0.01424  1.07094  0.00558
  1.01515 -0.03246  0.12921  0.08619  0.00855  1.00947  0.11448  0.03364 -0.01432  0.00038  1.06805  0.00339
  0.98584  0.00427  0.10460  0.06684  0.00629  1.00807  0.14109  0.04951 -0.01424  0.00121  1.06469  0.00265
  0.97124  0.01398  0.09911  0.05196  0.00990  1.00242  0.15950  0.05793 -0.00369 -0.00710  1.06032  0.00314
  0.99484 -0.00373  0.08970  0.06222  0.01052  0.99882  0.17095  0.05800 -0.01227  0.00144  1.06218  0.00610
  0.99041  0.00167  0.08597  0.06231  0.02347  0.98747  0.17931  0.05612 -0.01036 -0.00032  1.06189  0.00669
  0.98388  0.00610  0.09247  0.06307  0.00679  1.00037  0.17517  0.05754  0.00042 -0.00742  1.06006  0.00676
  0.99142  0.00072  0.09671  0.06011  0.02484  0.99121  0.17217  0.06093 -0.00898 -0.00139  1.05932  0.00775
  0.95556  0.01775  0.09804  0.05784  0.01985  0.99448  0.16581  0.05947 -0.01139 -0.00286  1.06393  0.00371
  1.01625 -0.00694  0.09311  0.05534  0.03017  0.99266  0.15667  0.06188 -0.00298 -0.00700  1.07046  0.00680
  1.05530 -0.01922  0.08875  0.04904  0.00046  1.00475  0.14835  0.06647  0.00480 -0.00999  1.07476  0.00712
  1.08866 -0.02857  0.08320  0.03421 -0.04367  1.01488  0.14532  0.06427  0.02188 -0.01346  1.07479  0.01033
  1.11569 -0.03103  0.06511  0.02535 -0.04340  1.01117  0.16813  0.06809  0.03704 -0.01412  1.06390  0.00829
  1.02933 -0.02182  0.06249  0.01646  0.07132  0.99904  0.17452  0.07494 -0.01738 -0.00832  1.06405  0.00632
  1.03402 -0.02271  0.07627  0.01763  0.07940  1.00067  0.15805  0.07719 -0.02769 -0.00984  1.07455  0.00617
  0.99242 -0.02319  0.08685  0.02470  0.01773  1.00290  0.10928  0.05892 -0.00908 -0.00909  1.08262  0.01165
  1.00000 -0.02162  0.07657  0.01834 -0.01042  1.00680  0.07727  0.05729 -0.00809 -0.00891  1.07933  0.01116
  1.00853 -0.01788  0.05947  0.01634 -0.00446  1.00964  0.06398  0.05523  0.00316 -0.00673  1.07719  0.01158
  1.02288 -0.01006  0.03583  0.01393 -0.01583  1.00752  0.05633  0.05148  0.00164 -0.00711  1.07708  0.01054
  1.03923 -0.00202  0.01903  0.01089  0.01284  1.01833  0.04838  0.05211 -0.00664 -0.00937  1.07537  0.01206
  1.03942 -0.00019  0.00575  0.00834  0.01568  1.02300  0.03258  0.04889 -0.01154 -0.01116  1.07429  0.01211
  1.03800  0.00016 -0.00679  0.00341  0.00463  1.02049  0.02141  0.04643 -0.00436 -0.00808  1.07453  0.01127
  1.03858  0.00268 -0.02027  0.00202 -0.00560  1.01472  0.01563  0.03959 -0.00638 -0.00868  1.07310  0.01241
  1.02380 -0.00538 -0.03333 -0.00165 -0.01316  1.00959  0.01227  0.03703 -0.00678 -0.00890  1.07040  0.01053
  1.03426  0.00440 -0.05169 -0.00768 -0.00657  1.01477  0.00795  0.03195 -0.01278 -0.01293  1.06781  0.01024
  1.02982  0.00547 -0.07367 -0.00804 -0.03563  0.99011  0.00070  0.03489 -0.01345 -0.01342  1.06272  0.00893
  1.02275  0.00182 -0.09223 -0.01245 -0.02396  1.00584 -0.01386  0.03994 -0.00990 -0.00946  1.06198  0.00823
  1.00946 -0.00872 -0.11451 -0.01640 -0.01446  1.01831 -0.02322  0.03442 -0.01398 -0.01423  1.06544  0.01056
  1.02592  0.01886 -0.13314 -0.01521 -0.01046  1.02326 -0.02705  0.02742 -0.01517 -0.01603  1.06865  0.01244
  1.03756  0.04194 -0.15177 -0.01791 -0.02864  0.98688 -0.00824  0.02651 -0.00904 -0.00477  1.06003  0.00743
  1.04166  0.05573 -0.17353 -0.01664 -0.03172  0.96994  0.02664  0.02639 -0.00415  0.00645  1.04299  0.00224
  1.04471  0.06728 -0.18470 -0.01409 -0.03198  0.96197  0.04507  0.02220 -0.00622  0.00489  1.03340  0.00294
  1.03442  0.03937 -0.18087 -0.01733 -0.00980  1.01643  0.02944  0.00581 -0.01260 -0.01178  1.03109  0.00231
  1.03016  0.02806 -0.18133 -0.01724 -0.02311  0.96737  0.01325 -0.00142 -0.01598 -0.02233  1.03193  0.00226
  1.02541  0.01269 -0.18976 -0.01673 -0.02434  0.95868  0.00193 -0.00957 -0.01432 -0.01101  1.02472  0.00072
  1.02079 -0.00434 -0.19921 -0.01559 -0.02193  0.98022  0.00039 -0.00838 -0.01535 -0.00583  1.01776  0.00308
  1.02406  0.04551 -0.20395 -0.01359 -0.02260  0.99989  0.00189 -0.00507 -0.01499 -0.00155  1.01484  0.00078
