Kalibrierrun vom Mon Feb 28 15:39:22 2000; RV; 004 Grad Schritte; fuer w negativ
auu auv auw au0 avu avv avw av0 awu awv aww aw0
  1.03340 -0.03367  0.01252 -0.04516 -0.01753  1.35459  0.16243  0.00968  0.00040 -0.03594  1.09100 -0.00491
  1.03142  0.02280  0.01981 -0.04731 -0.00407  1.07012  0.12223  0.00160 -0.00602  0.03220  1.08502  0.00041
  1.03437  0.02185  0.03182 -0.05094 -0.00620  1.06771  0.10933 -0.00223 -0.00747  0.03638  1.07977  0.00181
  1.04460 -0.00823  0.04658 -0.05671  0.00238  1.03063  0.10480 -0.00858 -0.00454  0.02219  1.07650  0.00049
  1.04540 -0.00015  0.06450 -0.05731 -0.00619  1.05801  0.10108 -0.00769  0.00279 -0.00559  1.07412  0.00030
  1.05040 -0.00515  0.08348 -0.05686 -0.00739  1.06036  0.09003 -0.01375 -0.00249  0.00971  1.07732  0.00079
  1.03985  0.02183  0.09458 -0.05796 -0.01361  1.06763  0.07270 -0.01803 -0.00259  0.01157  1.07945 -0.00002
  1.04872  0.00398  0.09449 -0.05585 -0.00716  1.05149  0.05843 -0.02265 -0.00289  0.01252  1.08169 -0.00029
  1.04462  0.01265  0.10399 -0.05298 -0.01104  1.05572  0.04228 -0.03178 -0.00570  0.01959  1.08576 -0.00237
  1.04525  0.01099  0.10751 -0.05148 -0.01247  1.05357  0.02161 -0.03698  0.00394  0.00478  1.08199 -0.00106
  1.05517 -0.00191  0.10362 -0.05040 -0.02580  1.06495 -0.00611 -0.04535  0.00551  0.00112  1.07615 -0.00025
  1.05629 -0.00289  0.10916 -0.04607 -0.00862  1.04336 -0.02829 -0.05189  0.00558  0.00147  1.07611 -0.00036
  1.05738 -0.00396  0.10762 -0.04276  0.00809  1.02493 -0.04527 -0.05417  0.03022 -0.01998  1.07852 -0.00048
  1.08960 -0.03087  0.10930 -0.03588  0.00222  1.02713 -0.05417 -0.05284  0.03827 -0.02628  1.08661  0.00487
  1.04262 -0.00078  0.11137 -0.03218 -0.02553  1.04554 -0.05583 -0.05454  0.00720 -0.00260  1.09837  0.00393
  0.97927  0.03365  0.10139 -0.02885 -0.03534  1.05093 -0.06128 -0.06360 -0.01047  0.00901  1.10196  0.00132
  0.93692  0.05088  0.08375 -0.02643 -0.03478  1.04799 -0.07267 -0.05933 -0.01120  0.00949  1.09495 -0.00258
  0.95403  0.04179  0.06789 -0.02763 -0.02655  1.04248 -0.08720 -0.05523  0.00658  0.00070  1.08800  0.00040
  0.95750  0.03808  0.05800 -0.02429 -0.04265  1.04808 -0.10249 -0.06643  0.01215 -0.00155  1.08798  0.00240
  0.97196  0.03236  0.05154 -0.02050 -0.01421  1.03967 -0.11899 -0.07106  0.00917 -0.00119  1.08711  0.00455
  0.98444  0.02659  0.03350 -0.01470 -0.03192  1.04120 -0.13505 -0.07385  0.00245 -0.00039  1.08514  0.00626
  0.98034  0.02372  0.01847 -0.00871 -0.01846  1.03905 -0.14644 -0.08152 -0.00456  0.00066  1.08818  0.00623
  0.99659  0.01881 -0.00065 -0.00233 -0.00355  1.03942 -0.14482 -0.08378 -0.00133  0.00127  1.09119  0.00407
  0.99330  0.01555 -0.02377  0.00064  0.01433  1.04031 -0.13800 -0.08408  0.00481  0.00121  1.09202  0.00558
  0.99705  0.01207 -0.03702  0.01162  0.02520  1.04147 -0.13692 -0.08299 -0.00033  0.00014  1.09014  0.00650
  0.97969  0.00606 -0.05031  0.01760  0.03669  1.04475 -0.11979 -0.07594  0.00048  0.00032  1.08650  0.00251
  0.98175  0.00371 -0.06545  0.02057  0.04819  1.04971 -0.10013 -0.06830  0.00150  0.00057  1.08676  0.00124
  0.98453  0.00184 -0.08120  0.02240  0.03290  1.04743 -0.07895 -0.06269  0.00900  0.00394  1.08872 -0.00275
  0.94766 -0.01661 -0.09781  0.02583  0.04537  1.05567 -0.06067 -0.06274  0.01801  0.00833  1.08902 -0.00496
  0.96543 -0.01095 -0.11641  0.02376  0.02591  1.04763 -0.04963 -0.06070  0.01444  0.00665  1.09666 -0.00180
  1.02102  0.02038 -0.12111  0.02200 -0.02384  1.01918 -0.04221 -0.05260 -0.02197 -0.01336  1.10562  0.00322
  1.04355  0.03710 -0.10586  0.03036 -0.07120  0.99162 -0.02682 -0.05499 -0.04668 -0.02787  1.11105  0.00093
  1.02381  0.02255 -0.09353  0.03440 -0.03648  1.02424 -0.00797 -0.05837 -0.02923 -0.01082  1.11932 -0.00497
  1.04247  0.03863 -0.09486  0.03670 -0.02262  1.04040  0.01258 -0.05579 -0.00824  0.00900  1.12743 -0.00358
  1.03068  0.02331 -0.10848  0.03999 -0.03013  1.03595  0.03903 -0.04609 -0.00916  0.00937  1.13447 -0.00452
  1.02843  0.02014 -0.11268  0.03883 -0.01437  1.05887  0.06175 -0.03927  0.01799  0.04260  1.14154 -0.00064
  1.04444  0.03965 -0.11602  0.04142  0.00495  1.08831  0.07867 -0.03456  0.03248  0.06063  1.14102  0.00534
  1.04216  0.03398 -0.11644  0.04436 -0.01302  1.06306  0.09834 -0.02951  0.03119  0.05630  1.13756  0.01177
  1.04269  0.03972 -0.09821  0.04794 -0.00023  1.09351  0.11810 -0.03287  0.00417  0.00517  1.13636  0.01366
  1.04230  0.04884 -0.07520  0.04321 -0.01053  1.07624  0.12575 -0.03980 -0.02054 -0.05174  1.13727  0.01630
  1.08514  0.17512 -0.06635  0.03977  0.01712  1.13243  0.09013 -0.03652  0.00444  0.02946  1.14403  0.00709
  1.23138  0.68300 -0.10885  0.02281  0.01308  1.12737  0.07348 -0.06534  0.06965  0.22846  1.09669  0.00263
  1.55009  2.38693 -0.00931 -0.10962 -0.02389  0.95166  0.04549 -0.08275  0.07203  0.25538  1.05442 -0.04095
  1.52166  2.21043  0.15538 -0.11603 -0.01447  0.96726  0.00318 -0.07096  0.09324  0.43279  1.09748 -0.05880
  1.38080 -0.45030 -0.04391  0.00756  0.01858  1.19223  0.02955  0.01197  0.07503  0.14094  1.06443 -0.04115
  1.41914 -2.45116 -0.35944 -0.01582  0.01429  1.02758  0.04871  0.02263  0.08519 -0.42980  1.02919 -0.02183
  1.34289 -1.44200 -0.32623  0.00611  0.01544  0.89628  0.08372  0.02911  0.06914 -0.34974  1.07498 -0.00454
  1.21668 -0.73907 -0.10415  0.04098 -0.00762  1.01871  0.10345  0.01895  0.02623 -0.09411  1.11625 -0.00718
  1.07539 -0.15276  0.03193  0.05272 -0.02578  1.13424  0.07969  0.01682  0.00359  0.01572  1.11739 -0.00756
  1.02340  0.02405  0.06497  0.05725 -0.01913  1.10805  0.08027  0.02157  0.02117 -0.04361  1.11078 -0.00579
  1.01521  0.03815  0.07893  0.05176 -0.00155  1.06732  0.07853  0.03698  0.02289 -0.05023  1.11072 -0.00684
  1.00654  0.05149  0.10075  0.05518  0.03130  0.99431  0.07755  0.03961  0.00627 -0.01263  1.11149 -0.00506
  1.01810  0.02754  0.10687  0.05872  0.03574  0.98603  0.07691  0.03866 -0.00769  0.01683  1.10572 -0.00176
  1.02510  0.01316  0.10894  0.05377  0.02521  1.00708  0.05590  0.03837 -0.00782  0.01783  1.10207  0.00081
  1.03515 -0.00169  0.11381  0.05400  0.03572  0.99730  0.03192  0.03682  0.00194  0.00453  1.09774  0.00031
  1.03873 -0.00690  0.11600  0.05036  0.03978  0.99634  0.01803  0.04104  0.00930 -0.00449  1.09924  0.00105
  1.04916 -0.01662  0.11574  0.05331  0.06227  0.97686  0.00209  0.04535  0.01358 -0.01058  1.10529 -0.00004
  1.04456 -0.01339  0.11188  0.04537  0.07425  0.97074 -0.01719  0.04603  0.00874 -0.00728  1.10722 -0.00308
  1.03761 -0.00651  0.10330  0.04296  0.10764  0.94757 -0.02823  0.04806 -0.00829  0.00448  1.11416 -0.00151
  1.04780 -0.01320  0.09868  0.04117  0.08831  0.96320 -0.04744  0.04374 -0.00072 -0.00135  1.11787 -0.00016
  1.05803 -0.01978  0.09723  0.03510 -0.00841  1.02139 -0.06171  0.04891  0.02169 -0.01417  1.11899  0.00330
  1.05195 -0.01592  0.08805  0.03248 -0.04634  1.04221 -0.06328  0.05520  0.02893 -0.01584  1.10707  0.00372
  1.05788 -0.01994  0.09007  0.02439 -0.02992  1.03744 -0.07035  0.05948 -0.00112 -0.00187  1.09711  0.00384
  1.06119 -0.02019  0.08038  0.01712 -0.01960  1.03672 -0.08191  0.06575 -0.00445 -0.00004  1.09338  0.00536
  1.08008 -0.02238  0.05904  0.01176 -0.00573  1.03450 -0.09305  0.06501 -0.01619  0.00236  1.09462  0.00559
  1.06734 -0.01731  0.03858  0.00568 -0.00129  1.03550 -0.10612  0.06294 -0.00189  0.00034  1.09307  0.00919
  1.05891 -0.01436  0.01693 -0.00279 -0.01821  1.03849 -0.10928  0.06465  0.00198  0.00015  1.09159  0.00897
  1.06283 -0.01301  0.00057 -0.01024 -0.02838  1.03778 -0.10361  0.06195  0.00691  0.00119  1.08652  0.00868
  1.05308 -0.01127 -0.01972 -0.01393 -0.03194  1.03703 -0.10820  0.06292  0.00154  0.00085  1.08807  0.00810
  1.06440 -0.00753 -0.03967 -0.01875 -0.02548  1.03609 -0.10514  0.05784  0.00676  0.00195  1.08396  0.00815
  1.05620 -0.00651 -0.05920 -0.02451 -0.01847  1.03710 -0.09345  0.06424  0.01379  0.00376  1.07801  0.00567
  1.03989 -0.00815 -0.07749 -0.02886 -0.00604  1.03680 -0.07986  0.05438  0.00739  0.00329  1.07181  0.00535
  1.02905 -0.00962 -0.08941 -0.02822 -0.01146  1.03320 -0.06515  0.05621 -0.00585 -0.00124  1.07156  0.00535
  1.02959 -0.00751 -0.10060 -0.02767  0.03474  1.05061 -0.06362  0.05081 -0.02287 -0.00878  1.07798  0.00812
  1.04860  0.00070 -0.10240 -0.03016 -0.01806  1.02374 -0.06575  0.04441 -0.00808 -0.00412  1.09027  0.00591
  1.05281  0.00082 -0.09796 -0.03162 -0.10119  0.97425 -0.05191  0.04944  0.01990  0.01067  1.09134  0.00148
  1.05244  0.00218 -0.10173 -0.03103 -0.09815  0.97163 -0.03336  0.04576  0.02111  0.01122  1.08887 -0.00088
  1.05406  0.00465 -0.10405 -0.03085 -0.07617  0.98449 -0.01534  0.04190 -0.00443 -0.00805  1.08450 -0.00074
  1.03908 -0.00858 -0.10625 -0.03133 -0.07641  0.97962  0.00343  0.03857 -0.01578 -0.01738  1.08223  0.00187
  1.05033  0.00303 -0.11452 -0.03613 -0.07342  0.97937  0.02077  0.04008 -0.00000  0.00031  1.07855  0.00372
  1.04694 -0.00047 -0.11911 -0.03822 -0.05393  0.99857  0.03960  0.04084  0.00337  0.00512  1.07236  0.00127
  1.03170 -0.02463 -0.11046 -0.04049 -0.04403  1.00935  0.04823  0.03807  0.00551  0.00776  1.06992 -0.00127
  1.03316 -0.02620 -0.10359 -0.04799 -0.05329  0.98907  0.06232  0.03491 -0.00609 -0.01173  1.07028 -0.00268
  1.02867 -0.03832 -0.09182 -0.04962 -0.03403  1.02091  0.07395  0.03211 -0.00482 -0.00928  1.06719 -0.00402
  1.02828 -0.04041 -0.09320 -0.05189 -0.03551  1.01041  0.08768  0.02705 -0.00024 -0.00075  1.07609 -0.00243
  1.02257 -0.05949 -0.08971 -0.05404 -0.03078  1.02015  0.09711  0.02682  0.00329  0.00807  1.07967 -0.00206
  1.02162 -0.07046 -0.06812 -0.04922 -0.02248  1.03877  0.10356  0.01928 -0.00136 -0.00892  1.07667 -0.00407
  1.02267 -0.07952 -0.05054 -0.04633 -0.02474  1.02937  0.10684  0.01914 -0.00231 -0.01096  1.07646 -0.00322
  1.02689 -0.06902 -0.02962 -0.04467 -0.02628  1.00160  0.11176  0.01299 -0.00156 -0.01349  1.08136 -0.00442
  1.03168 -0.05410 -0.00265 -0.04487 -0.02548  0.99371  0.11817  0.01030  0.00078 -0.01533  1.09182 -0.00735
