Kalibrierrun vom Tue Feb 29 14:40:22 2000; RV; 004 Grad Schritte; fuer w negativ
auu auv auw au0 avu avv avw av0 awu awv aww aw0
  0.99211 -0.09765 -0.12863 -0.01276 -0.02246  1.20356  0.04715  0.07925 -0.02288  0.07304  1.13705  0.08438
  0.99060 -0.03820 -0.10950 -0.00810 -0.01701  1.09970  0.07495  0.10077 -0.02277  0.07156  1.11909  0.07248
  1.00685 -0.11620 -0.08762 -0.01270 -0.01247  1.09184  0.06130  0.06416 -0.01960  0.06504  1.12171  0.06206
  1.00246 -0.06196 -0.06210 -0.02285  0.01036  0.93959  0.03422  0.10628 -0.02927  0.10382  1.12324  0.06756
  1.00504 -0.05882 -0.03359 -0.00827 -0.00696  1.00999 -0.02314  0.07273 -0.02664  0.08315  1.10993  0.06704
  1.00031 -0.03383 -0.01011 -0.00965  0.02818  0.90565 -0.04006  0.08126 -0.03027  0.09570  1.10369  0.05329
  1.00323 -0.03036  0.01830 -0.01497  0.00937  0.93451 -0.08249  0.07000 -0.02186  0.08348  1.10891  0.04126
  1.01193 -0.03807  0.05012 -0.00329  0.00856  0.93036 -0.10308  0.07395 -0.00541  0.04613  1.10554  0.05255
  1.03279 -0.06584  0.05696 -0.00915 -0.06354  1.03524 -0.12914  0.07066  0.03456 -0.02114  1.09268  0.05089
  1.05225 -0.08198  0.06610 -0.02502 -0.07727  1.04556 -0.14796  0.07023  0.05918 -0.05040  1.10503  0.04732
  1.00173 -0.02642  0.07203  0.00153 -0.05477  1.01269 -0.19058  0.04917  0.05933 -0.04537  1.13060  0.05090
  1.00358 -0.03656  0.05951  0.02004 -0.06694  1.01882 -0.23775  0.04102  0.07991 -0.06448  1.14390  0.05572
  0.98643 -0.01683  0.07515  0.01475 -0.09518  1.03188 -0.28783  0.04302  0.06484 -0.04763  1.15871  0.05387
  0.98757 -0.01949  0.08930  0.02288 -0.07014  1.00623 -0.33021  0.02921  0.10534 -0.07952  1.17334  0.06374
  0.90922  0.03500  0.11896  0.02477 -0.04990  0.98749 -0.35704  0.03155  0.10555 -0.08124  1.16652  0.06516
  1.02736 -0.04328  0.12316  0.05255 -0.02215  0.97518 -0.36407  0.02052  0.16429 -0.11994  1.15611  0.06812
  0.92423  0.01105  0.16192  0.04975 -0.03389  0.98146 -0.36350  0.01987  0.08633 -0.07917  1.16866  0.05867
  0.89226  0.02900  0.20734  0.04507 -0.03489  0.98619 -0.33273  0.01654  0.03863 -0.05785  1.17481  0.04870
  0.99411 -0.00616  0.19182  0.05253 -0.04542  0.99456 -0.30593  0.00402  0.06243 -0.06679  1.16359  0.05332
  0.89925  0.01853  0.17333  0.03602 -0.06537  0.99906 -0.28592  0.00957 -0.00218 -0.05061  1.14835  0.04152
  1.01273 -0.00702  0.15337  0.04629 -0.01904  0.99246 -0.26571  0.01527  0.03747 -0.06110  1.14989  0.05314
  0.98736 -0.00882  0.12368  0.06272 -0.03249  0.99673 -0.26294  0.00741  0.00804 -0.05782  1.14214  0.05170
  1.01688 -0.00449  0.09019  0.03368 -0.04160  0.99572 -0.25975  0.01320 -0.01874 -0.05493  1.14480  0.03961
  0.79075 -0.01417  0.07958  0.03447 -0.08270  0.99259 -0.26617  0.00961 -0.09665 -0.05803  1.14718  0.03101
  0.89243 -0.00883  0.04609  0.03518 -0.02907  0.99802 -0.27671  0.01288 -0.06603 -0.05371  1.14652  0.02254
  0.95887  0.00257  0.05512  0.04605  0.00415  1.00239 -0.26474  0.02424 -0.07212 -0.05447  1.15761  0.02857
  0.96312  0.01155  0.05407  0.02908 -0.00364  1.00238 -0.26979  0.01900 -0.07897 -0.05462  1.16402  0.01639
  0.94054  0.00810  0.07765  0.04000  0.00736  1.00567 -0.24757  0.02834 -0.09771 -0.05950  1.17998  0.02405
  0.97590  0.01783  0.08362  0.04152  0.10238  1.04844 -0.21597  0.01871 -0.09023 -0.05668  1.19419  0.02855
  1.02105  0.03147  0.05468  0.04300  0.07473  1.03817 -0.18525  0.01967 -0.06297 -0.04501  1.18317  0.02563
  0.96198 -0.00648  0.02506  0.04960  0.03201  1.01294 -0.16497  0.02799 -0.10168 -0.07077  1.16210  0.02900
  0.91278 -0.05489  0.00078  0.05664  0.01066  0.99866 -0.14143  0.02598 -0.12332 -0.08900  1.14331  0.01969
  0.99099 -0.00379 -0.01222  0.05083  0.01013  0.98935 -0.13017  0.04328 -0.10330 -0.07939  1.12819  0.01882
  1.04326  0.04639  0.00048  0.04327  0.01978  1.00528 -0.09765  0.02355 -0.07047 -0.04965  1.12650  0.01373
  0.97928 -0.03027  0.01095  0.08121  0.02165  1.00068 -0.05976  0.04953 -0.08067 -0.06404  1.11304  0.01355
  0.93558 -0.07315  0.02580  0.05452  0.02426  1.01953 -0.00863  0.03590 -0.09202 -0.07400  1.11593  0.00042
  0.94342 -0.06047  0.04031  0.05385  0.01767  1.02851  0.04329  0.04498 -0.08476 -0.06570  1.11059 -0.00214
  0.94179 -0.05343  0.06331  0.04515 -0.02441  0.97290  0.08252  0.04427 -0.05669 -0.01958  1.10955  0.00026
  0.98078  0.02168  0.07694  0.05738  0.04919  1.12341  0.11844  0.06317 -0.02860  0.02942  1.10186  0.00114
  1.00028  0.07720  0.09070  0.06004  0.03363  1.10785  0.13288  0.05815  0.00005  0.09349  1.09849  0.00725
  0.97626  0.03413  0.13213  0.05793  0.01184  1.06689  0.15637  0.05482 -0.01437  0.05221  1.10180  0.01155
  0.97195  0.02482  0.16740  0.07967 -0.00078  1.04149  0.18513  0.04990 -0.00375  0.09358  1.12383  0.02389
  0.97844  0.07693  0.20516  0.08911  0.01472  1.13313  0.20642  0.05858 -0.00446  0.10454  1.14743  0.02897
  0.96624  0.03885  0.22612  0.07001  0.00040  1.08135  0.22047  0.04675 -0.00618  0.10549  1.16244  0.03186
  0.96246  0.05938  0.25527  0.06007 -0.01083  1.01258  0.24953  0.04308 -0.00368  0.12763  1.16510  0.03694
  0.96170  0.02413  0.26213  0.06025 -0.01147  1.02656  0.26363  0.04034 -0.00104  0.21631  1.15495  0.04140
  0.95464  0.09303  0.24167  0.06152 -0.00014  0.93126  0.29146  0.07402 -0.00025  0.18017  1.15910  0.04087
  0.96488  0.06202  0.20412  0.06916  0.00257  0.88115  0.32437  0.05175  0.01251  0.05741  1.17266  0.03013
  0.97371  0.04563  0.17253  0.07481 -0.00848  0.98639  0.30992  0.08321  0.01269  0.06660  1.16758  0.03048
  0.96792  0.06633  0.15142  0.07010 -0.01064  1.00964  0.27626  0.09430  0.01171  0.07388  1.16001  0.03151
  0.96017  0.08424  0.14809  0.07043 -0.01609  1.02042  0.24979  0.07332  0.00256  0.09415  1.15202  0.02653
  0.97338  0.05526  0.16261  0.08814  0.00007  0.99100  0.23019  0.08692  0.01615  0.06745  1.14872  0.04142
  0.99802  0.00288  0.18185  0.08207  0.00334  0.98974  0.20864  0.08992  0.03730  0.02552  1.14812  0.03948
  0.97743  0.03414  0.22444  0.07146 -0.00335  0.99586  0.19335  0.08206  0.07163 -0.02869  1.14335  0.03634
  0.93566  0.09163  0.23031  0.05481  0.05397  0.91105  0.17440  0.07093  0.07895 -0.03567  1.13688  0.04137
  1.03103 -0.01733  0.24124  0.05994 -0.05592  1.02897  0.17383  0.04862  0.03550  0.01074  1.14018  0.03226
  0.96874  0.04936  0.23225  0.05396  0.10299  0.86861  0.17476  0.07142  0.10357 -0.06303  1.15202  0.03396
  1.05916 -0.02291  0.19994  0.05025 -0.00563  0.96090  0.18791  0.06116  0.07047 -0.03734  1.17656  0.04361
  1.15443 -0.08629  0.15974  0.04694 -0.03497  0.98409  0.18074  0.06928  0.08025 -0.04741  1.18038  0.03694
  1.13291 -0.06417  0.13459  0.04172 -0.06855  1.00786  0.14552  0.07336  0.03103 -0.01210  1.17506  0.04768
  0.96448  0.03204  0.12881  0.04337  0.06938  0.93232  0.10973  0.07462  0.10978 -0.05364  1.15335  0.05698
  0.98654  0.00896  0.13343  0.03186  0.06654  0.94803  0.06570  0.08655  0.10829 -0.04866  1.12545  0.05506
  1.14057 -0.05027  0.11542  0.04044 -0.01823  0.98513  0.05126  0.08335  0.04827 -0.02493  1.11607  0.04709
  1.11933 -0.03532  0.06635  0.01297 -0.00389  0.98168  0.04121  0.08481  0.05479 -0.02888  1.11642  0.04792
  1.11085 -0.02904  0.02563 -0.00763  0.00469  0.98155  0.04611  0.08847  0.08547 -0.03667  1.11798  0.04762
  0.98693 -0.00032 -0.01622 -0.01711  0.03759  0.97672  0.03899  0.09716  0.06745 -0.03427  1.11211  0.04296
  0.87374  0.01940 -0.06697 -0.00286  0.04783  0.97476  0.03008  0.08135  0.10213 -0.03750  1.10859  0.03842
  1.05648  0.01333 -0.08950 -0.03008  0.05384  0.97382  0.02719  0.07710  0.05106 -0.03617  1.10545  0.02452
  1.02743  0.01530 -0.11239 -0.05447 -0.01904  0.97233  0.02125  0.08134 -0.06716 -0.03731  1.09432  0.02813
  1.11112  0.03922 -0.15285 -0.02342 -0.00751  0.97259  0.02788  0.08971 -0.07719 -0.03773  1.09667  0.03495
  1.04298  0.03346 -0.20026 -0.03168 -0.01009  0.97089  0.03685  0.09744 -0.08734 -0.04001  1.10612  0.04401
  1.08858  0.04952 -0.23367 -0.03202  0.00826  0.97368  0.04952  0.09075 -0.12870 -0.05371  1.12811  0.04736
  1.09339  0.06015 -0.26586 -0.02942 -0.01070  0.96564  0.07536  0.09908 -0.12440 -0.05631  1.14791  0.05179
  1.12241  0.08224 -0.28974 -0.02157  0.03575  0.98306  0.08946  0.09654 -0.12885 -0.06144  1.16405  0.05263
  1.06686  0.06892 -0.32205 -0.00513 -0.02037  0.95925  0.09504  0.10495 -0.13213 -0.06239  1.16171  0.05630
  1.04040  0.05258 -0.33484 -0.02768  0.06172  1.00088  0.09202  0.07133 -0.17682 -0.08406  1.15312  0.06017
  1.04266  0.05967 -0.35220 -0.02625  0.00802  0.97894  0.04768  0.08459 -0.11250 -0.04105  1.15705  0.05356
  1.00346  0.03004 -0.34212 -0.03455 -0.06188  0.93685  0.00077  0.09327 -0.07950 -0.01757  1.16615  0.05691
  0.99868  0.01807 -0.31205 -0.03999 -0.02566  0.96415 -0.00835  0.07731 -0.07546 -0.01115  1.16222  0.05915
  1.03300  0.05550 -0.28279 -0.03001 -0.00091  0.99671 -0.00947  0.08279 -0.08006 -0.01401  1.14444  0.06035
  1.02633  0.04474 -0.26316 -0.03349 -0.02097  0.97467  0.00608  0.09018 -0.08307 -0.01787  1.13729  0.05873
  1.00113  0.00964 -0.25266 -0.02438 -0.07539  0.89554  0.02045  0.09037 -0.07741 -0.00909  1.14160  0.06058
  0.98347 -0.02451 -0.25058 -0.02648 -0.06251  0.90350  0.04849  0.08560 -0.04887  0.03584  1.13676  0.05923
  0.98400 -0.01817 -0.24963 -0.00691 -0.06816  0.89181  0.07039  0.09169 -0.02257  0.08620  1.13312  0.05788
  0.99118 -0.00625 -0.24280 -0.00836 -0.06904  0.89270  0.09542  0.10657 -0.02668  0.07634  1.13044  0.05941
  0.98006 -0.03703 -0.24204 -0.01173 -0.07354  0.87345  0.08771  0.10592 -0.02668  0.07971  1.13703  0.07081
  0.97528 -0.06121 -0.24107 -0.01784 -0.05835  0.92034  0.07648  0.10766 -0.02359  0.07726  1.13905  0.05880
  0.97785 -0.05239 -0.22919 -0.00428 -0.03389  1.06735  0.04786  0.11520 -0.01793  0.09017  1.15965  0.06303
  0.98183 -0.05062 -0.21314 -0.01740 -0.03156  1.10768  0.01139  0.08484 -0.01980  0.09395  1.17317  0.08097
  0.98865 -0.04555 -0.16758 -0.02365 -0.02175  1.28698  0.04063  0.09761 -0.02306  0.06176  1.15512  0.08209
