Kalibrierrun vom Thu Mar 02 18:30:18 2000; RV; 004 Grad Schritte; fuer w negativ
auu auv auw au0 avu avv avw av0 awu awv aww aw0
  1.21279 -0.08446 -0.01274 -0.04198 -0.10230  1.39177  0.21507 -0.04680 -0.05494  0.13816  1.18331  0.00641
  1.30304 -0.19473  0.06316 -0.02134  0.22737  0.90510  0.22748 -0.03891  0.10396 -0.08751  1.21631  0.02948
  1.27949 -0.18137  0.03702 -0.00550  0.26806  0.84040  0.17726 -0.05754  0.14221 -0.14684  1.20705  0.04220
  1.17687 -0.08343 -0.00851 -0.00012  0.01932  1.10532  0.10834 -0.09241  0.04283 -0.04761  1.18346  0.05320
  1.14675 -0.05249  0.00557  0.00684 -0.01477  1.14898  0.11344 -0.12043  0.02157 -0.02879  1.18046  0.05810
  1.08908  0.00323  0.03176  0.00229  0.06383  1.08385  0.11545 -0.12722 -0.03024  0.01487  1.17954  0.06152
  1.07598  0.02027  0.05800 -0.00611  0.08692  1.06282  0.10184 -0.12601 -0.03825  0.02191  1.18399  0.06582
  1.11523 -0.00068  0.07427 -0.01209  0.01179  1.10850  0.09189 -0.13004 -0.00282 -0.00146  1.18360  0.07237
  1.12709 -0.00724  0.08029 -0.00467  0.00438  1.11076  0.09299 -0.12467  0.02159 -0.01409  1.16947  0.06071
  1.11388 -0.00067  0.09018  0.00039 -0.00320  1.11274  0.09326 -0.11824  0.02543 -0.01592  1.15375  0.04858
  1.13361 -0.00685  0.09434 -0.00254  0.02124  1.10058  0.07846 -0.11095  0.01502 -0.01254  1.14826  0.04366
  1.13804 -0.00671  0.09684 -0.00837  0.02713  1.09329  0.05128 -0.10009 -0.00750 -0.00417  1.14662  0.03300
  1.20852 -0.01778  0.10951 -0.01728  0.03313  1.08812  0.04608 -0.08517 -0.00808 -0.00129  1.15189  0.01978
  1.25872 -0.02245  0.12354 -0.01640 -0.02842  1.09045  0.02452 -0.07091  0.04803 -0.00433  1.16191  0.00711
  1.25812 -0.01852  0.14505 -0.01988 -0.05723  1.08735  0.01271 -0.05805  0.07110 -0.00155  1.19334  0.00283
  1.17193 -0.01895  0.14708 -0.01676 -0.12382  1.08040 -0.02642 -0.05109  0.08271  0.00223  1.21079 -0.00088
  1.15142 -0.02052  0.14325 -0.01726 -0.15000  1.07436 -0.06007 -0.05161  0.06195  0.00221  1.20600 -0.01095
  1.13067 -0.02259  0.13942 -0.02158 -0.10656  1.07817 -0.08062 -0.05555  0.06358  0.00173  1.19610 -0.01534
  1.11807 -0.02602  0.13484 -0.02307 -0.08383  1.07966 -0.09411 -0.04812  0.05838 -0.00052  1.19044 -0.01624
  1.10471 -0.03142  0.12983 -0.01879 -0.03296  1.09201 -0.10184 -0.04320  0.03827 -0.00740  1.18920 -0.01070
  1.06611 -0.04686  0.12176 -0.01547  0.00199  1.10238 -0.09914 -0.02779  0.01864 -0.01588  1.18422 -0.00764
  1.08074 -0.04292  0.11989 -0.00357  0.01198  1.10541 -0.11561 -0.02979  0.03888 -0.00954  1.17780 -0.00069
  1.07077 -0.05032  0.11393  0.00475  0.02520  1.10776 -0.13155 -0.01897  0.01177 -0.02532  1.17164  0.00167
  1.05795 -0.06059  0.11760  0.01434 -0.05633  1.05402 -0.13289 -0.00612 -0.03448 -0.05664  1.17609  0.00737
  1.07500 -0.05033  0.11800  0.02345 -0.10118  1.02042 -0.11135  0.01162 -0.04752 -0.06626  1.18554  0.01367
  1.09115 -0.03467  0.12703  0.02367 -0.01073  1.09863 -0.10462  0.00787 -0.04240 -0.05894  1.20024  0.01411
  1.14049  0.01092  0.11639  0.02679 -0.07720  1.03078 -0.13681 -0.00979 -0.00799 -0.02458  1.19489  0.01244
  1.25998  0.13157  0.06332  0.03692 -0.21228  0.88426 -0.13167 -0.02274  0.08615  0.07262  1.16370  0.01650
  1.21291  0.06127  0.00520  0.02429 -0.13262  0.99470 -0.11431 -0.02193  0.05069  0.01739  1.13381  0.01143
  1.09079 -0.12911 -0.02918  0.02194  0.09864  1.33535 -0.11607 -0.01526 -0.07998 -0.17571  1.12960  0.00985
  1.19406  0.02561 -0.09267  0.01899  0.10477  1.35353 -0.08393 -0.01697 -0.11566 -0.23428  1.14058  0.01805
  1.04239 -0.32367 -0.18877  0.01841  0.02942  1.20981 -0.04879 -0.01143  0.01874  0.04897  1.17309  0.03563
  0.97636 -0.46815 -0.15829  0.03785  0.03436  1.21963 -0.05490 -0.01076  0.06865  0.16675  1.17667  0.03508
  1.08072 -0.12760 -0.07442  0.07693  0.01545  1.17526 -0.05792 -0.02702  0.03089  0.03800  1.15804  0.04047
  1.11915 -0.00194 -0.08590  0.09437  0.00119  1.12825 -0.05555 -0.04484  0.01938 -0.01801  1.16104  0.05732
  1.11356 -0.07064 -0.10491  0.11122 -0.00848  1.09873 -0.03919 -0.04862  0.00837 -0.09105  1.17372  0.07519
  1.11428 -0.07350 -0.10856  0.11351 -0.01711  1.06634 -0.02133 -0.05430  0.00957 -0.07637  1.18410  0.08363
  1.11504 -0.01669 -0.10847  0.10799 -0.02108  1.12077 -0.00732 -0.07009  0.00850 -0.02473  1.19592  0.07989
  1.11503 -0.01299 -0.11350  0.10622 -0.02236  1.13007  0.00229 -0.06937  0.00467 -0.01753  1.20426  0.06815
  1.11639 -0.03670 -0.11292  0.09943 -0.02463  1.13013  0.01731 -0.06720  0.00189 -0.00465  1.20704  0.06331
  1.11478 -0.03613 -0.10197  0.09700 -0.02954  1.14337  0.03104 -0.06661  0.00346 -0.01971  1.20976  0.05930
  1.11916 -0.06701 -0.08028  0.09409 -0.03661  1.16551  0.04879 -0.05766  0.00632 -0.03350  1.20873  0.05258
  1.12282 -0.08846 -0.07799  0.08098 -0.04519  1.19628  0.06077 -0.03743 -0.00144 -0.01787  1.20740  0.03900
  1.10957 -0.07626 -0.06541  0.05386 -0.05871  1.22996  0.09257 -0.01003 -0.03523  0.05257  1.21379  0.02338
  1.08270 -0.02559 -0.06556  0.04471 -0.04738  1.19613  0.13341  0.00488 -0.03608  0.04816  1.22720  0.01701
  1.03884  0.04140 -0.04070  0.03814 -0.01274  1.13131  0.17177  0.02546 -0.04383  0.06741  1.21476  0.02144
  1.01412  0.06904 -0.01924  0.02721  0.00206  1.10746  0.18854  0.03700 -0.03493  0.05951  1.19261  0.02139
  1.02063  0.05729 -0.00663  0.02478  0.01626  1.09000  0.19932  0.04859 -0.02356  0.04933  1.17010  0.01549
  1.03794  0.03011  0.00757  0.00671  0.00162  1.11397  0.19345  0.07090 -0.01615  0.04149  1.15724  0.00588
  1.04735  0.01389  0.02739 -0.00580  0.02291  1.10098  0.17020  0.08373  0.00067  0.02312  1.15401 -0.00410
  1.07036 -0.01239  0.04360 -0.02201  0.05742  1.07596  0.14732  0.09095  0.01208  0.00997  1.15588 -0.01567
  1.06438 -0.01342  0.06296 -0.03258  0.02785  1.10049  0.13420  0.09668 -0.00039  0.01758  1.16242 -0.01916
  1.05937 -0.01581  0.07911 -0.04301  0.01582  1.11111  0.12313  0.10761 -0.01971  0.02851  1.16575 -0.02128
  0.97708  0.02775  0.07244 -0.04776  0.00350  1.12249  0.11111  0.12206  0.03568 -0.00357  1.18314 -0.02050
  0.97263  0.03166  0.06396 -0.04801 -0.06585  1.15980  0.09566  0.14366  0.04440 -0.01197  1.20210 -0.02425
  1.07029 -0.00910  0.06576 -0.06739 -0.04387  1.15046  0.09855  0.14635  0.06408 -0.02513  1.22065 -0.03114
  1.05151 -0.00813  0.08854 -0.06300 -0.04557  1.15070  0.11602  0.15610  0.03339 -0.01856  1.22115 -0.03579
  0.95594  0.01481  0.09848 -0.04107 -0.23383  1.19381  0.10030  0.16080 -0.12417  0.02119  1.19579 -0.02359
  0.95015  0.01574  0.11038 -0.04345 -0.34198  1.21406  0.05702  0.14030 -0.14979  0.03102  1.16565 -0.02522
  1.21320 -0.00938  0.14172 -0.06016  0.01210  1.18213  0.03996  0.09693  0.11477  0.00993  1.15623 -0.04266
  1.33917 -0.01678  0.17821 -0.06525 -0.01888  1.18764 -0.00030  0.09111  0.19639  0.00794  1.16909 -0.03991
  1.04574 -0.03833  0.19674 -0.05023  0.34344  1.21787 -0.05582  0.06724 -0.05143 -0.01188  1.19571 -0.02037
  0.87487 -0.05575  0.17555 -0.04236  0.49376  1.23469 -0.04494  0.06444 -0.19754 -0.02680  1.18094 -0.00821
  1.05644 -0.01276  0.14308 -0.03761  0.18308  1.15742  0.01981  0.06299 -0.05427  0.00796  1.15490 -0.00745
  1.11914  0.00224  0.13599 -0.04245 -0.01681  1.10321  0.02180  0.06798 -0.01452  0.02012  1.14714 -0.00020
  1.04480 -0.02069  0.11746 -0.03439  0.00038  1.11485 -0.00905  0.08089  0.07594  0.05288  1.15858  0.01303
  0.99931 -0.03407  0.08190 -0.03042  0.02075  1.12926 -0.02731  0.09722  0.10386  0.06723  1.16803  0.03195
  1.10120  0.02449  0.06443 -0.02412  0.00641  1.12580 -0.05294  0.09777  0.04117  0.03303  1.17145  0.03421
  1.12678  0.04202  0.05499 -0.02588  0.00634  1.12813 -0.06875  0.09586  0.01779  0.01745  1.17357  0.03059
  1.11364  0.03243  0.04268 -0.03625 -0.00320  1.12209 -0.07900  0.09074  0.00727  0.00681  1.18449  0.02655
  1.12283  0.04282  0.02519 -0.04450  0.00818  1.13144 -0.08577  0.08457  0.02500  0.01816  1.19196  0.01903
  1.12012  0.04110 -0.00178 -0.06201  0.00576  1.12914 -0.08070  0.08866  0.02403  0.01845  1.19227  0.02156
  1.13238  0.05319 -0.01592 -0.07761  0.05869  1.19267 -0.09339  0.09392  0.03321  0.02619  1.19829  0.01808
  1.17178  0.10696 -0.05181 -0.09470  0.06049  1.19423 -0.10214  0.08743  0.01529 -0.00382  1.21333  0.01116
  1.13705  0.06234 -0.07507 -0.10080  0.05376  1.19190 -0.12124  0.09121  0.00145 -0.03111  1.23912  0.00725
  1.13435  0.05956 -0.09001 -0.10761 -0.00552  1.09339 -0.13399  0.09130  0.00212 -0.03118  1.23895  0.00489
  1.12111  0.04312 -0.10492 -0.10130 -0.03558  1.02970 -0.12406  0.09475  0.01344 -0.01034  1.22768 -0.00540
  1.10936  0.01172 -0.11704 -0.11223 -0.02832  1.04776 -0.11109  0.10588  0.00976 -0.01241  1.21328 -0.00686
  1.10815  0.00112 -0.11875 -0.12110 -0.02391  1.05966 -0.10236  0.10914  0.01082 -0.00621  1.20405 -0.01003
  1.09829 -0.04037 -0.10965 -0.11945 -0.02051  1.06652 -0.09262  0.10922  0.00784 -0.01379  1.19218 -0.01073
  1.09421 -0.07194 -0.09552 -0.11741 -0.01741  1.05995 -0.07809  0.09730  0.01028  0.00688  1.18351 -0.01005
  1.09146 -0.07645 -0.10013 -0.11083 -0.00701  1.07257 -0.04528  0.07377  0.00961  0.00468  1.17695 -0.01198
  1.09486 -0.02927 -0.09540 -0.11475  0.00129  1.06508 -0.01504  0.05526  0.00927 -0.00235  1.16734 -0.01910
  1.09385  0.00806 -0.08476 -0.11089  0.00864  1.02554 -0.00262  0.03416  0.00672  0.03958  1.17542 -0.00963
  1.09031  0.08488 -0.06119 -0.11464  0.01513  1.02092  0.00847  0.01072  0.00173  0.09956  1.18608 -0.00610
  1.09272  0.05601 -0.07303 -0.11117 -0.00131  1.12903  0.02044  0.00360 -0.00064  0.11877  1.18588 -0.00798
  1.06441  0.14866 -0.09688 -0.11302  0.01055  1.12384  0.04904 -0.02182  0.03198 -0.02486  1.17836 -0.00046
  1.00733  0.34602 -0.05625 -0.10394  0.03676  1.06963  0.08605 -0.03639  0.06491 -0.13372  1.15530 -0.00279
  1.04410  0.25555 -0.03956 -0.07051  0.04376  1.06881  0.12467 -0.03131  0.02578 -0.03785  1.14099 -0.01482
  1.19505 -0.06158 -0.04402 -0.05013 -0.05996  1.29127  0.16564 -0.03013 -0.05757  0.13738  1.15436 -0.01044
