Kalibrierrun vom Thu Mar 02 18:33:12 2000; RV; 004 Grad Schritte; fuer w negativ
auu auv auw au0 avu avv avw av0 awu awv aww aw0
  1.26653 -0.18246 -0.01434  0.03806 -0.16399  1.33600  0.13638 -0.02081 -0.10916  0.16243  1.08336  0.03886
  1.28461 -0.20570  0.01934  0.05828  0.06980  1.00710  0.18152 -0.00249  0.01392 -0.00970  1.13527  0.06565
  1.29164 -0.22045  0.00438  0.06907  0.19160  0.84127  0.15919 -0.01165  0.11757 -0.14317  1.15307  0.07623
  1.18745 -0.11492 -0.04313  0.05977  0.05755  0.98227  0.09843 -0.05319  0.03486 -0.05354  1.13091  0.05912
  1.11056 -0.03520 -0.03141  0.05032 -0.03786  1.08513  0.09568 -0.08406  0.00050 -0.02119  1.11863  0.05371
  1.08522 -0.00329  0.01409  0.04655  0.00829  1.04825  0.10314 -0.08412 -0.04448  0.01726  1.11878  0.05349
  1.06817  0.01593  0.04967  0.05034  0.03533  1.02752  0.09640 -0.09131 -0.06170  0.02899  1.11677  0.05709
  1.09428  0.00325  0.07596  0.05970 -0.01478  1.05786  0.09084 -0.09919 -0.01028 -0.00232  1.11536  0.05649
  1.08097  0.01415  0.09442  0.05946 -0.04839  1.07790  0.09836 -0.10290  0.02021 -0.01920  1.10989  0.05165
  1.09208  0.01135  0.11269  0.06557 -0.03990  1.07260  0.10410 -0.09138  0.02292 -0.02037  1.10634  0.04637
  1.09922  0.00904  0.12195  0.07185 -0.04553  1.07272  0.09721 -0.09038  0.01426 -0.01729  1.10278  0.04404
  1.12289  0.00171  0.12569  0.07669 -0.03906  1.06825  0.07628 -0.09203  0.02034 -0.02028  1.10047  0.04663
  1.18058 -0.01033  0.13155  0.07795 -0.02586  1.06043  0.05134 -0.08608 -0.00635 -0.01361  1.11161  0.04928
  1.20712 -0.01490  0.14167  0.08415 -0.06448  1.06003  0.01015 -0.08518  0.03569 -0.01574  1.13544  0.04941
  1.19698 -0.01248  0.13657  0.07001 -0.05782  1.05450 -0.00885 -0.07343  0.02367 -0.01324  1.15470  0.05540
  1.13726 -0.01406  0.11538  0.06276 -0.07310  1.05196 -0.01845 -0.07052  0.03787 -0.01427  1.15775  0.06335
  1.08795 -0.01994  0.09326  0.05938 -0.10564  1.04565 -0.03905 -0.06306  0.00406 -0.01772  1.15247  0.06617
  1.07948 -0.02264  0.08275  0.06277 -0.05561  1.04944 -0.06173 -0.05937  0.00954 -0.02074  1.14262  0.07864
  1.05939 -0.02894  0.07402  0.06397 -0.05375  1.04934 -0.07535 -0.06116  0.00617 -0.02597  1.12965  0.09194
  1.04162 -0.03370  0.06522  0.05498 -0.05045  1.04865 -0.08003 -0.05600 -0.00693 -0.03205  1.11647  0.09359
  1.03894 -0.03444  0.06064  0.05287 -0.02947  1.05599 -0.07597 -0.04984  0.00707 -0.02935  1.10580  0.09581
  1.04585 -0.03278  0.05312  0.05168 -0.04698  1.04636 -0.08029 -0.04019  0.03825 -0.01669  1.09664  0.09403
  1.02477 -0.04477  0.05427  0.05467  0.00210  1.07192 -0.08274 -0.04235  0.00381 -0.03508  1.09245  0.09145
  1.01570 -0.04858  0.05859  0.05272 -0.05595  1.03875 -0.05854 -0.04166 -0.03640 -0.05870  1.09828  0.09227
  1.03146 -0.03294  0.07159  0.04946 -0.09017  1.01896 -0.03042 -0.04054 -0.04467 -0.06092  1.12026  0.09846
  1.04527 -0.01436  0.10271  0.05028 -0.02683  1.07569 -0.02432 -0.04952 -0.04536 -0.05646  1.13656  0.09518
  1.12395  0.06610  0.09926  0.03690 -0.11911  0.98140 -0.04271 -0.05138  0.05132  0.04106  1.12887  0.08124
  1.24282  0.19018  0.05455  0.02022 -0.27854  0.80760 -0.02215 -0.03691  0.13334  0.13246  1.09923  0.05755
  1.16284  0.07371 -0.00938  0.01091 -0.08939  1.05864  0.00043 -0.03819  0.03345 -0.00284  1.06404  0.04699
  1.11819  0.00585 -0.04887 -0.00181  0.09764  1.33296 -0.02017 -0.05397 -0.08638 -0.18197  1.05378  0.04589
  1.16925  0.07399 -0.13219 -0.01797  0.04733  1.23834 -0.05083 -0.06444 -0.06979 -0.14834  1.07449  0.05220
  0.95906 -0.37587 -0.17974 -0.00546 -0.00125  1.13040 -0.07574 -0.07224  0.04812  0.10912  1.09894  0.03536
  0.94295 -0.39854 -0.13792  0.01207 -0.00533  1.11530 -0.09637 -0.08613  0.06080  0.13971  1.09635  0.02495
  1.05835 -0.01510 -0.08988  0.00465 -0.01264  1.09221 -0.11179 -0.09671  0.02597  0.02493  1.08037  0.03004
  1.07002  0.00936 -0.10208  0.01266 -0.02135  1.06276 -0.10334 -0.10044  0.01493 -0.02403  1.08015  0.03940
  1.06744 -0.02946 -0.11666  0.02513 -0.03749  1.00587 -0.06821 -0.09944  0.00467 -0.08286  1.08682  0.05002
  1.06655 -0.04706 -0.11539  0.03312 -0.04620  1.00830 -0.02721 -0.10597  0.00408 -0.08579  1.09576  0.06107
  1.06925  0.00742 -0.11572  0.03571 -0.04737  1.07024 -0.00119 -0.10130  0.00391 -0.03465  1.10802  0.06211
  1.07104  0.02446 -0.12167  0.04196 -0.04623  1.08926 -0.00059 -0.09209  0.00265 -0.00512  1.11482  0.06666
  1.07256  0.01444 -0.12071  0.04496 -0.04534  1.10850  0.00179 -0.07303  0.00186 -0.00272  1.12163  0.06775
  1.07401  0.00453 -0.11683  0.04637 -0.04717  1.11721  0.01489 -0.05871  0.00232 -0.00878  1.12648  0.06920
  1.07153  0.00078 -0.09649  0.04488 -0.05083  1.13238  0.02882 -0.04308  0.00352 -0.01163  1.12778  0.07131
  1.08541 -0.04931 -0.08127  0.04727 -0.05804  1.15407  0.04569 -0.02481  0.00740 -0.02127  1.12656  0.07330
  1.06802 -0.01640 -0.06746  0.03883 -0.06946  1.18282  0.05985 -0.01021 -0.00849  0.01790  1.13089  0.07748
  1.05595  0.00249 -0.05206  0.03866 -0.05850  1.16002  0.07248  0.00299 -0.01772  0.03601  1.13696  0.08173
  1.02355  0.05407 -0.05217  0.02868 -0.02671  1.09743  0.10250  0.01469 -0.04390  0.08044  1.13305  0.07420
  0.99083  0.09545 -0.03700  0.01690 -0.02950  1.09957  0.12420  0.02850 -0.01066  0.03209  1.12317  0.06920
  0.98683  0.09569 -0.01722  0.01518 -0.01831  1.08645  0.13095  0.04004 -0.01302  0.03623  1.11374  0.06326
  0.99014  0.08716 -0.00199  0.01017  0.00645  1.05838  0.13034  0.03851 -0.00728  0.03364  1.10416  0.06627
  0.99091  0.08433  0.00981  0.00958 -0.01693  1.08231  0.12986  0.04161 -0.01134  0.04078  1.09530  0.06895
  0.99993  0.07449  0.01302  0.00321 -0.00067  1.06868  0.13140  0.04584 -0.00751  0.03653  1.09047  0.06305
  1.02423  0.05297  0.02753 -0.00291  0.01180  1.06260  0.12105  0.05070 -0.01977  0.04330  1.09525  0.05719
  1.03257  0.04316  0.04051 -0.01095 -0.01942  1.08447  0.10932  0.05955 -0.01437  0.03746  1.10147  0.05136
  1.04598  0.03350  0.04345 -0.01911  0.01729  1.06720  0.10559  0.07068  0.04418  0.00243  1.11327  0.04233
  0.98437  0.06676  0.01980 -0.01753  0.00237  1.07643  0.10335  0.08416  0.07577 -0.01549  1.13198  0.03885
  1.02452  0.05743 -0.00850 -0.01743 -0.00882  1.07988  0.10907  0.09171  0.09919 -0.02823  1.14876  0.03340
  1.03793  0.05121 -0.00121 -0.01717 -0.05358  1.09084  0.11458  0.10184  0.03093 -0.01200  1.15627  0.02225
  0.93344  0.07515  0.00955  0.00016 -0.29937  1.15331  0.07877  0.12455 -0.13296  0.02592  1.13878  0.01812
  0.96961  0.06824  0.01737 -0.01309 -0.25589  1.15548  0.01952  0.10585 -0.12650  0.02717  1.10215 -0.00379
  1.21906  0.04227  0.05339 -0.03406  0.07999  1.12926 -0.01253  0.07557  0.11308  0.00997  1.07769 -0.02352
  1.34881  0.03635  0.10853 -0.02633  0.05273  1.13092 -0.03999  0.07762  0.23335  0.00979  1.08476 -0.02320
  1.05337  0.01031  0.16196 -0.00687  0.30541  1.15583 -0.08614  0.05877 -0.01047 -0.01040  1.11323 -0.01051
  0.90661 -0.00857  0.16095 -0.00232  0.43978  1.16563 -0.05118  0.05473 -0.16766 -0.03084  1.10759 -0.01884
  1.09269  0.03292  0.14438 -0.01410  0.13700  1.09259  0.00978  0.06208 -0.04067 -0.00126  1.08713 -0.02810
  1.09664  0.03294  0.14096 -0.01964 -0.00710  1.05759  0.00220  0.07745  0.02898  0.01842  1.08154 -0.03163
  1.01186  0.00682  0.11882 -0.01637  0.00824  1.06889 -0.03399  0.08108  0.08910  0.03836  1.09043 -0.03328
  1.01786  0.01573  0.08876 -0.02117 -0.00512  1.06472 -0.05629  0.07249  0.07486  0.03018  1.09899 -0.02969
  1.08793  0.05300  0.06680 -0.04013 -0.01141  1.06419 -0.08130  0.06372  0.03671  0.00745  1.10525 -0.03693
  1.10352  0.06269  0.05239 -0.05321 -0.03703  1.05038 -0.11109  0.04747  0.00678 -0.01309  1.10451 -0.04960
  1.09467  0.05726  0.03024 -0.07087 -0.04394  1.05022 -0.13937  0.04334  0.00032 -0.01914  1.10953 -0.05203
  1.09358  0.05926  0.00738 -0.08180 -0.03479  1.06175 -0.15030  0.04835  0.00124 -0.01888  1.11356 -0.04857
  1.11265  0.07982 -0.01145 -0.08830 -0.01103  1.08535 -0.14574  0.05273  0.00794 -0.01060  1.11268 -0.04145
  1.12676  0.09561 -0.02534 -0.10329  0.03154  1.13142 -0.14721  0.04800  0.00718 -0.00965  1.11853 -0.03104
  1.16818  0.15393 -0.05264 -0.10489  0.02499  1.11985 -0.13809  0.04917 -0.02142 -0.04858  1.13983 -0.01934
  1.14403  0.12602 -0.06108 -0.09218  0.03542  1.13197 -0.11976  0.05683 -0.02194 -0.05082  1.16241 -0.00233
  1.15067  0.13401 -0.04963 -0.08768  0.00223  1.07313 -0.10330  0.06713 -0.01895 -0.04562  1.17684  0.00850
  1.14284  0.11821 -0.04914 -0.08590 -0.02871  1.00498 -0.08514  0.06952 -0.00404 -0.01367  1.17909  0.01667
  1.13436  0.10026 -0.06659 -0.08880 -0.02440  1.01363 -0.07321  0.07334 -0.00981 -0.01793  1.16893  0.02908
  1.12772  0.08302 -0.07860 -0.09263 -0.02086  1.01216 -0.05616  0.06804 -0.01749 -0.02855  1.15480  0.04137
  1.11429  0.03797 -0.07642 -0.08587 -0.01981  0.99982 -0.03688  0.06107 -0.01694 -0.01252  1.13788  0.04962
  1.10775  0.02985 -0.07308 -0.06361 -0.01757  1.00013 -0.03161  0.05585 -0.02014 -0.02385  1.11871  0.04712
  1.10635  0.03623 -0.07804 -0.05898 -0.01474  1.00752 -0.02875  0.04911 -0.02599 -0.04439  1.10283  0.05348
  1.10093  0.02835 -0.09471 -0.05034 -0.01100  1.00499 -0.02107  0.03538 -0.02851 -0.02370  1.09204  0.06157
  1.09693  0.04997 -0.10116 -0.05258 -0.00660  0.97333 -0.01428  0.02369 -0.03240  0.04570  1.08746  0.07404
  1.09569  0.06324 -0.09948 -0.05228  0.00013  0.92278 -0.01777  0.00973 -0.03666  0.07763  1.09659  0.08568
  1.10215  0.01617 -0.10427 -0.05255 -0.01037  0.97937 -0.02712  0.00458 -0.03294  0.08059  1.11037  0.08105
  1.07355  0.11866 -0.11135 -0.04962 -0.01276  0.99369 -0.02447  0.00618 -0.01139  0.00285  1.11261  0.07160
  0.98197  0.41254 -0.07496 -0.03241 -0.01716  1.02909  0.00860  0.00336  0.02753 -0.12391  1.08570  0.05560
  1.04598  0.26265 -0.02964 -0.00028 -0.01303  1.03319  0.03931  0.00275  0.00699 -0.07970  1.05517  0.03796
  1.20132 -0.06290 -0.01649  0.02496 -0.02210  1.06890  0.07356 -0.00932 -0.08419  0.11181  1.05180  0.02861
