Kalibrierrun vom Thu Mar 02 18:24:29 2000; RV; 004 Grad Schritte; fuer w negativ
auu auv auw au0 avu avv avw av0 awu awv aww aw0
  1.18625 -0.18974 -0.04575 -0.02203 -0.13024  1.30133  0.08728 -0.09247 -0.04109  0.07433  1.12596 -0.01924
  1.10228 -0.05023 -0.00329 -0.01792  0.00186  1.08731  0.05317 -0.08398 -0.01029  0.02247  1.10930 -0.01450
  1.07930 -0.01925  0.01505 -0.00381  0.00611  1.08623  0.06644 -0.09008  0.01032 -0.00846  1.10517 -0.00476
  1.06105  0.00422  0.03490  0.00384  0.00456  1.08667  0.05856 -0.09301  0.00333 -0.00134  1.10888  0.00004
  1.05065  0.01863  0.04914 -0.00269 -0.00071  1.09145  0.06356 -0.09145 -0.00069  0.00175  1.10726  0.00173
  1.06886  0.00727  0.06489 -0.00417 -0.02400  1.11706  0.07707 -0.10075  0.01634 -0.01453  1.10231  0.00424
  1.06059  0.02044  0.08813 -0.01593 -0.01055  1.10699  0.07620 -0.10044  0.00246 -0.00615  1.10026  0.00872
  1.08172  0.01272  0.10428 -0.02471  0.00567  1.09222  0.07200 -0.08370 -0.00582 -0.00022  1.10090  0.00693
  1.09921  0.00911  0.10786 -0.04468 -0.03416  1.10952  0.06392 -0.07087  0.00396 -0.00452  1.10717  0.01118
  1.11561  0.00222  0.09878 -0.05876 -0.04107  1.10792  0.05344 -0.06063 -0.00303 -0.00047  1.11745  0.01647
  1.11679  0.00259  0.09577 -0.06478  0.00090  1.08913  0.03835 -0.05383 -0.02640  0.00891  1.12101  0.01316
  1.10187  0.00516  0.08454 -0.06667  0.01247  1.08238  0.03000 -0.04353 -0.02454  0.01107  1.12129 -0.00180
  1.10951  0.00331  0.08232 -0.06771 -0.01545  1.08663  0.02394 -0.04010 -0.01188  0.00828  1.11830 -0.00569
  1.16330 -0.00250  0.08308 -0.07598 -0.02221  1.08457  0.00546 -0.04319  0.01148  0.00415  1.11759 -0.00390
  1.15939 -0.00168  0.09331 -0.07256 -0.03575  1.08468 -0.00609 -0.05067  0.01467  0.00668  1.13534 -0.00556
  1.09857 -0.00085  0.10336 -0.06868 -0.11069  1.08352 -0.02102 -0.05475  0.01425  0.00720  1.14548  0.00089
  1.08756  0.00152  0.11523 -0.07095 -0.14188  1.07928 -0.04788 -0.06099 -0.01393  0.00362  1.14488  0.00969
  1.07193 -0.00079  0.11881 -0.06866 -0.13572  1.07709 -0.06925 -0.06766  0.01764  0.00846  1.14381  0.00982
  1.05635 -0.00432  0.12141 -0.06113 -0.11737  1.08232 -0.08052 -0.08670  0.03968  0.00976  1.13992  0.02467
  1.01361 -0.01850  0.11865 -0.05449 -0.05304  1.10095 -0.08870 -0.09418  0.03293  0.00333  1.12936  0.03865
  1.00117 -0.02439  0.11876 -0.05101 -0.03231  1.10676 -0.09850 -0.09119  0.02969  0.00004  1.12107  0.04258
  1.05016 -0.00618  0.11674 -0.03740 -0.04736  1.09653 -0.11076 -0.08220  0.04141  0.00349  1.11037  0.04267
  1.06656 -0.00296  0.10296 -0.01846 -0.04771  1.09011 -0.13235 -0.07176  0.05127  0.00646  1.10350  0.04569
  1.04206 -0.02331  0.08927 -0.00308 -0.07508  1.06670 -0.13400 -0.05000 -0.00588 -0.02871  1.10662  0.05206
  1.03565 -0.03154  0.08856  0.01111 -0.13480  1.02286 -0.12612 -0.03621 -0.06174 -0.06760  1.11333  0.05239
  1.07011 -0.00315  0.09738  0.02467 -0.04732  1.09578 -0.11721 -0.02235 -0.07248 -0.07197  1.12526  0.04436
  1.11993  0.04250  0.09093  0.03030 -0.06429  1.07059 -0.12870 -0.00273 -0.00834 -0.00502  1.13256  0.03527
  1.21258  0.13871  0.04564  0.01611 -0.22506  0.89583 -0.11062  0.00725  0.06907  0.08222  1.12169  0.02558
  1.20243  0.10942 -0.01363  0.00054 -0.20456  0.92948 -0.08234  0.03400  0.07015  0.07881  1.09488  0.01539
  1.13090 -0.00237 -0.03827 -0.00192  0.02015  1.25831 -0.08679  0.05133 -0.09433 -0.16368  1.08729  0.00663
  1.21889  0.12992 -0.09359  0.00742  0.06933  1.34930 -0.08205  0.04433 -0.17292 -0.29320  1.11047  0.00891
  1.01253 -0.33250 -0.16894 -0.00255  0.01765  1.24146 -0.06654  0.06080  0.00672  0.08834  1.15748  0.03279
  0.95092 -0.47589 -0.14955  0.00582  0.00585  1.20087 -0.06627  0.08293  0.05071  0.19766  1.16860  0.03796
  1.04693 -0.15279 -0.05553  0.05212  0.02198  1.23531 -0.08634  0.09110  0.01345  0.07454  1.14461  0.02564
  1.10142  0.03220 -0.05588  0.08219 -0.00526  1.14559 -0.07853  0.07252 -0.00244  0.00418  1.14605  0.03398
  1.10586  0.01376 -0.08661  0.09247 -0.01239  1.12314 -0.06827  0.06506 -0.01070 -0.05817  1.15001  0.04596
  1.10359 -0.03906 -0.09867  0.09966 -0.01767  1.11319 -0.04359  0.06825 -0.01336 -0.08110  1.15465  0.05014
  1.11075  0.01356 -0.11406  0.11125 -0.01894  1.20391 -0.02744  0.06146 -0.00996 -0.01547  1.15908  0.06006
  1.11124  0.07189 -0.14089  0.09907 -0.02082  1.12021 -0.01015  0.04332 -0.01197  0.07570  1.15095  0.06263
  1.11202  0.07233 -0.15027  0.09179 -0.03103  1.11807  0.03404  0.03814 -0.01403  0.08846  1.14809  0.05654
  1.11817  0.01243 -0.13071  0.08808 -0.04113  1.14256  0.07290  0.04458 -0.00185  0.00515  1.14554  0.04333
  1.13177 -0.07589 -0.08036  0.08556 -0.07189  1.24545  0.07876  0.02276  0.01455 -0.05854  1.12809  0.03247
  1.00104  0.32556 -0.12486  0.04660 -0.08054  1.27009  0.06599  0.00845  0.04650 -0.16744  1.15215  0.03569
  0.96078  0.45874 -0.20899  0.00713 -0.05755  1.23166  0.04363  0.02028  0.05168 -0.20414  1.18777  0.03878
  1.18072  0.00557 -0.19590 -0.00731 -0.11089  1.34696  0.02481  0.01900 -0.13591  0.18299  1.16462  0.02907
  1.21334 -0.07948 -0.12390  0.00718 -0.10411  1.35562  0.00036  0.03295 -0.17090  0.26596  1.10853  0.01697
  1.23537 -0.12405 -0.07111  0.00916  0.17630  0.93496  0.00019  0.02333  0.03880 -0.04916  1.10330  0.00506
  1.25720 -0.17225 -0.00407  0.01513  0.20078  0.89321  0.02499  0.03040  0.07513 -0.09931  1.12817  0.01875
  1.15540 -0.07482  0.05562  0.01479 -0.01150  1.12973  0.04225  0.05506 -0.04797  0.03702  1.14571  0.02698
  1.09092 -0.01365  0.06319  0.01217  0.02489  1.10080  0.04285  0.06981 -0.10703  0.10135  1.13556  0.04403
  1.04967  0.02303  0.05725  0.00624  0.07701  1.04995  0.05683  0.06372 -0.07368  0.07916  1.12949  0.05823
  1.06088  0.00909  0.05980 -0.01910  0.01194  1.09697  0.07378  0.07606 -0.02156  0.03865  1.12291  0.04005
  1.08518 -0.01422  0.07610 -0.04273 -0.01699  1.12139  0.06565  0.10036  0.00621  0.02118  1.11862  0.03149
  1.01203  0.02178  0.07973 -0.05374  0.01700  1.10730  0.04971  0.10894  0.04693 -0.00096  1.12759  0.03579
  0.96604  0.04311  0.06421 -0.06473 -0.05874  1.14382  0.04413  0.11983  0.10011 -0.02690  1.14500  0.03821
  1.13054 -0.01377  0.03417 -0.08315 -0.01351  1.12981  0.05840  0.13810  0.08825 -0.02655  1.15115  0.02997
  1.09644 -0.00699  0.03578 -0.09987 -0.09620  1.15379  0.06017  0.14394 -0.01382  0.00260  1.14758  0.02649
  0.96875  0.02133  0.06543 -0.07145 -0.34984  1.21744  0.00866  0.15445 -0.19811  0.04869  1.11507  0.03368
  1.02814  0.01609  0.08032 -0.06432 -0.29658  1.21278 -0.05077  0.11580 -0.08369  0.03734  1.08286  0.02602
  1.23413 -0.00656  0.10865 -0.07683  0.00679  1.18305 -0.08088  0.08246  0.16463  0.01578  1.07790  0.00747
  1.30023 -0.01090  0.14609 -0.05668  0.08328  1.18961 -0.12675  0.07784  0.20537  0.01121  1.12172  0.02428
  1.02534 -0.03171  0.16376 -0.04528  0.39087  1.21497 -0.15978  0.06251 -0.11496 -0.01846  1.16939  0.03771
  1.01341 -0.02529  0.13997 -0.03040  0.37457  1.19325 -0.07279  0.05572 -0.13118 -0.01737  1.16521  0.04739
  1.21550  0.02223  0.11604 -0.02331  0.01362  1.10726 -0.01279  0.06728 -0.08034 -0.00293  1.14394  0.05051
  1.15904  0.00186  0.12513 -0.02546  0.00110  1.11110 -0.04319  0.08051 -0.02748  0.01482  1.14322  0.06194
  1.08901 -0.01706  0.10366 -0.01304  0.00974  1.12218 -0.08386  0.08911  0.06943  0.05016  1.14528  0.06814
  1.13093  0.00996  0.08838  0.00544  0.01357  1.12758 -0.10898  0.08993  0.04282  0.03870  1.14415  0.07199
  1.17579  0.03581  0.08891  0.01799  0.01047  1.12862 -0.11694  0.09883 -0.00927  0.01012  1.14995  0.07047
  1.16100  0.02750  0.08653  0.02392  0.01000  1.12843 -0.11591  0.10238  0.00067  0.01449  1.15474  0.06825
  1.12484  0.00474  0.07263  0.03016  0.02190  1.13500 -0.10628  0.10686  0.00871  0.01670  1.16173  0.05760
  1.12669  0.00890  0.05139  0.02408  0.02843  1.13612 -0.08554  0.10883  0.00724  0.01291  1.16449  0.05045
  1.12876  0.01498  0.02286  0.01383  0.01469  1.11883 -0.07615  0.10235  0.00289  0.00512  1.16567  0.03734
  1.12155  0.01078 -0.00732  0.00256  0.01908  1.12549 -0.08603  0.09874 -0.00727 -0.01176  1.16857  0.02085
  1.13472  0.03485 -0.04599 -0.00940  0.03132  1.14400 -0.10002  0.09374 -0.05005 -0.07499  1.17795  0.00269
  1.17041  0.09955 -0.09332 -0.01739  0.01013  1.11777 -0.13438  0.07968 -0.06198 -0.09930  1.19632 -0.00571
  1.17304  0.11751 -0.13950 -0.01987 -0.02840  1.04810 -0.13580  0.07433 -0.03793 -0.05922  1.19575 -0.01192
  1.15876  0.09613 -0.16540 -0.01939 -0.04320  1.02021 -0.12371  0.08183 -0.03301 -0.04865  1.17845 -0.02555
  1.15967  0.10848 -0.18029 -0.01338 -0.04462  1.01539 -0.10876  0.08875 -0.03114 -0.04695  1.16536 -0.04055
  1.14232  0.05296 -0.18102 -0.01662 -0.03510  1.04141 -0.09604  0.09050 -0.02600 -0.03390  1.16177 -0.04682
  1.12529 -0.01225 -0.18917 -0.01683 -0.02894  1.03786 -0.07704  0.06861 -0.02024 -0.00663  1.15807 -0.04494
  1.12241 -0.02515 -0.19402 -0.01579 -0.01752  1.05471 -0.05347  0.03961 -0.01453  0.01691  1.15472 -0.05315
  1.11861 -0.03120 -0.20015 -0.00793 -0.01550  1.01663 -0.03255  0.02135 -0.01338  0.02445  1.15389 -0.05559
  1.12128 -0.04157 -0.19176 -0.01192 -0.00630  1.07068 -0.00455  0.00136 -0.01503 -0.01024  1.14628 -0.05782
  1.12331 -0.08798 -0.17927 -0.00235  0.00299  1.03162  0.03039 -0.01898 -0.01705  0.00937  1.13747 -0.05502
  1.12659 -0.08834 -0.16943 -0.00526  0.00881  1.02421  0.04928 -0.03638 -0.02153  0.02858  1.12836 -0.05096
  1.12793 -0.08978 -0.16963 -0.01057  0.01043  1.03063  0.06727 -0.04234 -0.02021  0.03413  1.13742 -0.05751
  1.14348 -0.14119 -0.15836 -0.02045  0.01348  1.03476  0.08893 -0.04963 -0.02162  0.04794  1.14577 -0.05784
  1.14279 -0.13423 -0.14163 -0.02143  0.03047  0.99913  0.10534 -0.06265 -0.02613  0.05756  1.15128 -0.04571
  1.14992 -0.13987 -0.12035 -0.03262  0.03581  0.98960  0.11647 -0.06215 -0.03686  0.07931  1.14817 -0.03652
  1.16145 -0.14741 -0.08090 -0.03423  0.00095  1.05787  0.10836 -0.06378 -0.03999  0.08041  1.14298 -0.02840
