Kalibrierrun vom Mon Feb 28 15:43:41 2000; RV; 004 Grad Schritte; fuer w positiv
auu auv auw au0 avu avv avw av0 awu awv aww aw0
  1.01780  0.00863  0.05228 -0.00984 -0.01042  1.31312  0.01567 -0.01379 -0.01541 -0.02203  1.08564 -0.00575
  1.01753  0.01512  0.05083 -0.01080  0.00175  1.01768  0.03685 -0.01644 -0.01889 -0.02897  1.09688 -0.00110
  1.01435  0.02899  0.05399 -0.01441  0.00102  1.00398  0.05160 -0.01557 -0.02521  0.03462  1.09469 -0.00629
  1.01292  0.03183  0.05293 -0.01557 -0.00641  1.02078  0.07572 -0.01789 -0.02112  0.02371  1.08247 -0.00451
  1.01542  0.02530  0.04944 -0.01835 -0.01135  1.02264  0.09868 -0.01901 -0.01930  0.02490  1.07711 -0.00974
  1.01810  0.01475  0.05514 -0.01705 -0.01060  1.01007  0.12208 -0.02235 -0.00931 -0.00365  1.07722 -0.00699
  0.99699  0.05363  0.07691 -0.02383 -0.01664  1.02039  0.13600 -0.02794 -0.00933 -0.00403  1.07477 -0.00448
  0.95603  0.11372  0.11202 -0.01988 -0.02636  1.03734  0.14139 -0.03027 -0.00485 -0.00753  1.05606 -0.00131
  0.96286  0.09463  0.13013 -0.02714 -0.03379  1.05012  0.14507 -0.03582 -0.01107  0.00654  1.04700 -0.00057
  0.99706  0.03981  0.13641 -0.01806 -0.03245  1.04714  0.14487 -0.03626 -0.01516  0.01446  1.04259 -0.00331
  1.01803  0.01492  0.11121 -0.00284 -0.01626  1.02776  0.15386 -0.04635 -0.02239  0.02244  1.04645 -0.00313
  0.99743  0.03869  0.10959 -0.00370  0.00082  1.00652  0.17194 -0.05081 -0.02400  0.02459  1.04505 -0.00156
  0.99678  0.04079  0.10254 -0.00052 -0.01553  1.02054  0.18020 -0.05381 -0.02419  0.02568  1.04254 -0.00393
  0.98111  0.05345  0.10181 -0.00232  0.00287  1.00353  0.18365 -0.05115 -0.00213  0.00958  1.03878 -0.00478
  0.99950  0.04030  0.10400  0.00023  0.01291  0.99824  0.18549 -0.05575 -0.01112  0.01547  1.03741 -0.00206
  0.98073  0.04958  0.10491  0.00672  0.03939  0.98453  0.18618 -0.05768 -0.00351  0.01078  1.03894 -0.00274
  0.99131  0.04538  0.09411  0.00861  0.00383  1.00314  0.18084 -0.05970 -0.01276  0.01537  1.04216 -0.00476
  0.99411  0.04599  0.08827  0.00807  0.02268  0.99486  0.17336 -0.05770 -0.00230  0.01044  1.04733 -0.00686
  1.01778  0.03937  0.07621  0.01454  0.01914  0.99614  0.17598 -0.05886  0.00651  0.00754  1.05015 -0.00818
  1.02566  0.03652  0.07185  0.01961  0.02069  0.99912  0.16511 -0.06545  0.00147  0.00793  1.05308 -0.00544
  1.05353  0.03119  0.06606  0.02283  0.02688  0.99850  0.17176 -0.06976  0.00025  0.00896  1.04786 -0.00666
  1.04764  0.03282  0.05511  0.02940  0.03644  0.99678  0.18059 -0.07387  0.00018  0.00929  1.04597 -0.00542
  1.03358  0.03346  0.06485  0.02805  0.11160  0.99757  0.15687 -0.07726 -0.02512  0.00976  1.05378 -0.00643
  1.00851  0.03117  0.07260  0.02498  0.01466  1.00069  0.12668 -0.08160 -0.02310  0.00768  1.05931 -0.00485
  1.03739  0.03382  0.07416  0.02724  0.00317  1.00123  0.10231 -0.07604 -0.00919  0.00900  1.06242 -0.00739
  1.03210  0.03437  0.06062  0.03366  0.00599  1.00259  0.08956 -0.07454 -0.01297  0.00791  1.06511 -0.00897
  1.03041  0.03749  0.03987  0.03807  0.01634  1.00571  0.08259 -0.07229  0.00073  0.01041  1.06850 -0.00711
  1.02695  0.03810  0.01349  0.04559  0.02128  1.00974  0.07322 -0.07211 -0.00693  0.00626  1.07659 -0.00487
  1.07287  0.05946 -0.00603  0.04823  0.01367  1.00811  0.06128 -0.06915 -0.00533  0.00582  1.08070 -0.00193
  1.05611  0.05345 -0.02996  0.05383  0.01212  1.00873  0.05314 -0.06433 -0.02484 -0.00367  1.08068 -0.00190
  1.04967  0.05163 -0.04499  0.05392  0.01940  1.01553  0.03707 -0.06126 -0.03783 -0.01084  1.08235 -0.00467
  1.05015  0.05312 -0.05710  0.05773 -0.00311  1.00375  0.01735 -0.06187 -0.04183 -0.01339  1.08912 -0.01010
  1.05010  0.05717 -0.07564  0.05779 -0.00736  1.00036  0.00462 -0.05446 -0.02576 -0.00155  1.08825 -0.00704
  1.04017  0.05096 -0.09801  0.06314 -0.00010  1.00695  0.00247 -0.05535 -0.01856  0.00426  1.08505 -0.00375
  1.04311  0.05717 -0.11133  0.06744 -0.00655  1.00230 -0.01184 -0.05162 -0.03291 -0.01062  1.08504 -0.00186
  1.01547  0.02920 -0.13382  0.07070 -0.02011  0.98612 -0.02712 -0.04229 -0.04631 -0.02504  1.08000 -0.00056
  0.98818 -0.00008 -0.16945  0.06894 -0.03338  0.97112 -0.03976 -0.04452 -0.04666 -0.02171  1.06399  0.00190
  1.03780  0.08815 -0.19735  0.05721 -0.03608  0.96940 -0.04024 -0.05032 -0.04158 -0.00801  1.03996  0.00489
  1.03307  0.08404 -0.21499  0.05785 -0.03207  0.97646 -0.05443 -0.03685 -0.04689 -0.01174  1.02395  0.00121
  1.07452  0.19646 -0.19924 -0.01015  0.01089  1.08428 -0.06550 -0.06546 -0.02090  0.05111  1.00953  0.00558
  1.12990  0.36965 -0.16769 -0.10486  0.05650  1.21281 -0.06469 -0.10221 -0.02614  0.03502  1.00086  0.00922
  1.19638  0.63985 -0.09790 -0.20452  0.00455  1.06502 -0.09399 -0.13605 -0.06912 -0.12384  0.99793  0.00752
  1.16126  0.61535 -0.07281 -0.38041 -0.03800  0.88279 -0.10416 -0.13335 -0.06736 -0.12944  1.03729 -0.01475
  1.20423  1.21212 -0.12772 -0.47820 -0.01786  1.28252 -0.11297 -0.18615 -0.02141  0.10385  1.10631  0.00353
  1.14024  0.57340 -0.09878 -0.43986 -0.03641  0.70647 -0.04717 -0.07205 -0.02146 -0.02469  1.16831 -0.00307
  1.14220 -0.00252 -0.00444 -0.42525  0.01264  0.79244  0.06897  0.02900 -0.03451  0.25456  1.20682 -0.05311
  1.25024 -1.40830 -0.04173 -0.39697 -0.01061  1.22000  0.09766  0.10882 -0.03059  0.02327  1.11474 -0.02341
  1.23074 -0.89019 -0.01981 -0.26551  0.02029  0.92079  0.10937  0.11371 -0.03725  0.04955  1.04356 -0.00530
  1.18094 -0.56336 -0.07000 -0.16011 -0.04544  1.15405  0.11386  0.07805 -0.01712 -0.03215  1.03828  0.00668
  1.09945 -0.24583 -0.13957 -0.05470 -0.04810  1.11892  0.06333  0.06957 -0.00168 -0.05849  1.04807  0.02291
  1.06377 -0.14908 -0.20193  0.04602 -0.03292  1.08877  0.07779  0.03182 -0.01417 -0.02572  1.05825  0.00793
  1.03926 -0.08907 -0.20518  0.06331  0.00654  0.99376  0.07325  0.02943 -0.02424 -0.00351  1.06298  0.00795
  1.04068 -0.08463 -0.18650  0.06905  0.00081  0.99808  0.06545  0.03502 -0.04161  0.02408  1.07324 -0.00184
  1.01984 -0.03821 -0.15294  0.07219 -0.01140  1.01994  0.06931  0.03505 -0.04137  0.02666  1.09030 -0.00916
  0.99798  0.00058 -0.11968  0.06968 -0.00036  1.00101  0.05660  0.03516 -0.03257  0.01586  1.09493 -0.00625
  1.01542 -0.01572 -0.09010  0.06885 -0.00197  1.00042  0.04254  0.03686 -0.02756  0.00956  1.09356 -0.00705
  1.02996 -0.02870 -0.07034  0.06349 -0.00968  1.00740  0.03316  0.03813 -0.03027  0.01340  1.09324 -0.00457
  1.03915 -0.03426 -0.05178  0.06051 -0.01615  1.00999  0.01972  0.03551 -0.02405  0.00763  1.09091 -0.00197
  1.05155 -0.04055 -0.02932  0.05837 -0.03264  1.02038  0.00515  0.03657 -0.01619  0.00085  1.09033 -0.00260
  1.04867 -0.03586 -0.00908  0.05352 -0.03663  1.02267 -0.00562  0.04167 -0.00985 -0.00433  1.08460 -0.00310
  1.04785 -0.03260  0.01047  0.05142 -0.02091  1.01179 -0.01831  0.04613 -0.01024 -0.00347  1.08307 -0.00154
  1.04403 -0.02908  0.02955  0.04358 -0.03027  1.01559 -0.02881  0.05178 -0.00739 -0.00600  1.07994 -0.00329
  1.04018 -0.02403  0.05090  0.04231 -0.03121  1.01394 -0.04080  0.05367  0.00174 -0.01016  1.07671 -0.00408
  1.02578 -0.01555  0.07532  0.04282 -0.01878  1.00980 -0.04853  0.05646  0.00240 -0.01135  1.07241 -0.00487
  1.01527 -0.01211  0.08989  0.03731 -0.01935  1.00979 -0.06102  0.05870 -0.00602 -0.00957  1.06946 -0.00314
  1.02982 -0.01492  0.09919  0.03092  0.02727  1.00047 -0.07958  0.05952 -0.01149 -0.00900  1.06895 -0.00319
  1.00148 -0.01432  0.09370  0.02547  0.00455  0.99878 -0.11495  0.05913 -0.02468 -0.00836  1.06720 -0.00303
  1.05218 -0.01623  0.08391  0.03036 -0.09559  0.99398 -0.16985  0.05822 -0.02158 -0.01028  1.05709 -0.00332
  1.04526 -0.01431  0.07768  0.03583 -0.09452  0.99346 -0.18301  0.05708 -0.00801 -0.00960  1.05091  0.00073
  1.05575 -0.01141  0.09348  0.02693 -0.03087  1.00233 -0.16597  0.04984 -0.00800 -0.00946  1.05171 -0.00018
  1.03840 -0.01398  0.10615  0.01849 -0.02113  1.00492 -0.15835  0.04248 -0.00553 -0.00916  1.05511 -0.00104
  1.02664 -0.01573  0.12048  0.00809 -0.01445  1.00654 -0.16282  0.03832 -0.00423 -0.00929  1.04976  0.00050
  1.00073 -0.02258  0.12957  0.00632 -0.02723  1.00245 -0.16711  0.03596 -0.00085 -0.00880  1.04598 -0.00081
  0.99150 -0.02635  0.13377  0.00389 -0.04242  0.99622 -0.17735  0.03716 -0.01434 -0.01482  1.04222 -0.00190
  1.00065 -0.02253  0.13328  0.00383 -0.03369  0.99940 -0.17958  0.03692 -0.01030 -0.01370  1.03456 -0.00064
  0.99643 -0.02520  0.13688  0.00052 -0.03040  1.00034 -0.17743  0.03388  0.00180 -0.00723  1.03382 -0.00271
  0.97769 -0.03904  0.12898  0.00106 -0.03216  0.99770 -0.18042  0.03416 -0.00409 -0.01045  1.03941 -0.00461
  0.99284 -0.02809  0.12979 -0.00189 -0.01005  1.01533 -0.17019  0.02791 -0.00533 -0.00933  1.05166 -0.00574
  1.00076 -0.01921  0.13380  0.00168 -0.00537  1.02306 -0.15312  0.02694 -0.02501 -0.02640  1.05920 -0.00779
  0.98981 -0.02999  0.14842 -0.00304  0.00925  1.04077 -0.14320  0.02288 -0.01668 -0.01981  1.05695 -0.01092
  0.97417 -0.05116  0.16065 -0.01872  0.01428  1.04751 -0.13799  0.01994 -0.01130 -0.01303  1.05034 -0.00309
  0.95309 -0.08496  0.15305 -0.02294  0.01413  1.04815 -0.13819  0.01813 -0.00372 -0.00229  1.05428 -0.00657
  0.96783 -0.07248  0.11950 -0.01941  0.02363  1.06182 -0.13514  0.01133 -0.01553 -0.01775  1.06480 -0.00547
  1.02065  0.01882  0.08694 -0.01437  0.00969  1.03622 -0.13483  0.01184 -0.01732 -0.01992  1.07402 -0.00957
  1.01530  0.00177  0.07088 -0.01559 -0.00605  1.00431 -0.11662  0.00382 -0.01517 -0.01395  1.07195 -0.00671
  1.01956  0.01004  0.06411 -0.01741 -0.00297  1.02912 -0.08685 -0.00046 -0.01634 -0.01693  1.07090 -0.00438
  1.00898 -0.02258  0.06691 -0.01304 -0.01268  1.00811 -0.06398 -0.00370 -0.01655 -0.01612  1.07177 -0.00298
  1.01270 -0.01060  0.06530 -0.01428 -0.01339  1.02318 -0.04140 -0.00404 -0.01582 -0.01062  1.07554 -0.00267
  1.01611  0.01335  0.06010 -0.00860 -0.01734  1.02607 -0.02055 -0.00402 -0.01674 -0.01095  1.08323 -0.00449
  1.01659 -0.00980  0.05403 -0.00780 -0.01838  1.05746 -0.00119 -0.00842 -0.01610  0.00997  1.08347 -0.00106
