Kalibrierrun vom Mon Feb 28 15:46:08 2000; RV; 004 Grad Schritte; fuer w positiv
auu auv auw au0 avu avv avw av0 awu awv aww aw0
  1.01985 -0.02788  0.04381 -0.05124 -0.00338  1.20945  0.02919  0.01287 -0.00737 -0.01121  1.07441 -0.01725
  1.01576  0.02106  0.04617 -0.05057  0.00375  1.02616  0.04429  0.00945 -0.00679 -0.05080  1.08425 -0.01556
  1.01821 -0.00054  0.05201 -0.05610  0.00369  0.99922  0.06297  0.01155 -0.02076  0.04189  1.08803 -0.01568
  1.01106  0.03651  0.05085 -0.06044  0.00079  0.99800  0.08281  0.00949 -0.01692  0.03678  1.07735 -0.02025
  1.02075  0.00121  0.04923 -0.05873 -0.00023  0.99180  0.10538  0.00834 -0.01080  0.02001  1.06834 -0.02155
  1.01038  0.02731  0.05893 -0.06255 -0.00794  1.00789  0.12130  0.00449 -0.00425  0.00386  1.06668 -0.02461
  1.00906  0.02397  0.07970 -0.06907 -0.00819  1.00193  0.13880  0.00189  0.00089 -0.00991  1.06388 -0.01983
  0.97209  0.08147  0.12592 -0.07387 -0.02041  1.02645  0.13881 -0.00086  0.00688 -0.01683  1.04795 -0.01692
  0.98822  0.05186  0.15308 -0.07483 -0.01892  1.02542  0.13759 -0.00056 -0.00386  0.00238  1.03620 -0.01277
  1.03905 -0.01958  0.14327 -0.06389 -0.02224  1.03286  0.13958 -0.01092 -0.01312  0.01809  1.03613 -0.02002
  1.01660  0.01245  0.12339 -0.06137 -0.01156  1.01952  0.14850 -0.01658 -0.01455  0.01924  1.03792 -0.01808
  0.99558  0.03577  0.10863 -0.05637 -0.00129  1.00582  0.16049 -0.02201 -0.01935  0.02391  1.03583 -0.01735
  1.00348  0.02872  0.10633 -0.05263 -0.00550  1.00548  0.17301 -0.01945 -0.01466  0.02046  1.03290 -0.01924
  1.00164  0.03173  0.10128 -0.05364  0.00368  0.99883  0.17379 -0.02342  0.00050  0.00915  1.02945 -0.01940
  0.99915  0.03199  0.10497 -0.04768  0.00501  0.99884  0.17492 -0.02815  0.00019  0.00950  1.03058 -0.01932
  0.98757  0.03755  0.10471 -0.04351  0.02741  0.98649  0.17469 -0.03034 -0.00559  0.01179  1.03350 -0.01892
  0.97337  0.04487  0.09693 -0.03950  0.02183  0.99039  0.16572 -0.02864  0.00270  0.00754  1.03631 -0.02101
  0.98849  0.03999  0.08624 -0.03947  0.01926  0.99220  0.16316 -0.03469  0.01714  0.00095  1.04241 -0.02104
  1.01489  0.03395  0.07543 -0.04019  0.03953  0.98786  0.15146 -0.03379  0.01333  0.00207  1.04822 -0.02277
  1.01649  0.03262  0.06921 -0.03550  0.04618  0.98880  0.14452 -0.03534  0.00501  0.00383  1.05052 -0.02304
  1.02227  0.03054  0.06208 -0.03196  0.05764  0.98883  0.15145 -0.04162 -0.00188  0.00562  1.04540 -0.02328
  1.01672  0.03113  0.05591 -0.02714  0.05657  0.98862  0.15897 -0.04871  0.00323  0.00518  1.04317 -0.02122
  1.03260  0.02887  0.06839 -0.02839  0.02992  0.99131  0.13850 -0.04753  0.00598  0.00490  1.04813 -0.02233
  1.04477  0.02773  0.07826 -0.02672 -0.00565  0.99447  0.09807 -0.03882  0.01340  0.00507  1.05483 -0.02275
  1.01263  0.02454  0.06958 -0.02099  0.01886  1.00247  0.07629 -0.04454 -0.00065  0.00373  1.05777 -0.02527
  1.02727  0.02831  0.05811 -0.01630  0.01216  1.00254  0.06404 -0.04182  0.00702  0.00449  1.06104 -0.02450
  1.03345  0.03341  0.03780 -0.01396  0.03152  1.00711  0.05991 -0.03625  0.00773  0.00279  1.06899 -0.02113
  1.04550  0.04013  0.01797 -0.00923  0.01904  1.00575  0.05000 -0.03722  0.00084 -0.00054  1.07531 -0.02052
  1.07613  0.05430 -0.00192 -0.00066  0.01497  1.00495  0.03880 -0.03316 -0.00534 -0.00420  1.07880 -0.01835
  1.06176  0.05080 -0.02345  0.00376  0.00315  1.00145  0.02756 -0.03220 -0.02111 -0.01147  1.07665 -0.02007
  1.03129  0.03468 -0.03967  0.00933  0.02148  1.01438  0.01244 -0.03044 -0.03095 -0.01701  1.07607 -0.01989
  1.04322  0.04543 -0.05868  0.01137  0.01186  1.00991 -0.00199 -0.02451 -0.02858 -0.01594  1.07906 -0.02140
  1.04900  0.05561 -0.07823  0.00839 -0.00515  0.99644 -0.00953 -0.02054 -0.01459 -0.00515  1.08099 -0.02085
  1.03162  0.04214 -0.09573  0.01438  0.00409  1.00726 -0.01970 -0.02342 -0.01023 -0.00129  1.08049 -0.02106
  1.02092  0.03533 -0.11242  0.01545 -0.00237  1.00379 -0.03466 -0.02006 -0.01574 -0.00707  1.07868 -0.01904
  1.00785  0.02795 -0.14139  0.01507 -0.03093  0.97157 -0.04574 -0.01810 -0.03221 -0.02701  1.07384 -0.01318
  1.00459  0.03132 -0.17063  0.01533 -0.03478  0.96624 -0.05050 -0.02130 -0.04394 -0.03856  1.05647 -0.01119
  1.02322  0.06712 -0.19582  0.01106 -0.06170  0.91650 -0.03819 -0.02096 -0.04014 -0.02554  1.03205 -0.01195
  1.06679  0.16690 -0.20671 -0.02870 -0.02281  0.99185 -0.03645 -0.03537 -0.04036 -0.01934  1.01340 -0.01121
  1.06531  0.16631 -0.18759 -0.09033  0.04260  1.14152 -0.04287 -0.05406 -0.02801  0.00911  1.00173 -0.00310
  1.13169  0.41177 -0.14752 -0.27051  0.07174  1.25993 -0.06877 -0.10949 -0.04759 -0.04300  0.98580  0.00092
  1.10238  0.34358 -0.05686 -0.38861 -0.04112  0.89748 -0.09641 -0.13390 -0.06170 -0.09392  0.96495 -0.00513
  1.14192  0.58860 -0.06104 -0.49723 -0.07086  0.76874 -0.10857 -0.16497 -0.07560 -0.16397  1.00123 -0.00565
  1.15556  0.74677 -0.08482 -0.58577 -0.04940  0.87851 -0.10000 -0.17474 -0.02503  0.11296  1.09348  0.01414
  1.14477  0.67838 -0.07307 -0.55740 -0.04808  0.71243 -0.07584 -0.09283 -0.03948 -0.12635  1.12742  0.00164
  1.15611 -0.42708  0.01184 -0.57695 -0.01901  1.27647 -0.08317  0.06445 -0.05471  0.48387  1.11638 -0.02436
  1.19603 -0.98549 -0.02774 -0.62708 -0.00506  1.25768 -0.00523  0.17319 -0.02759  0.15431  1.07548  0.03404
  1.21761 -1.01326 -0.07309 -0.53381  0.01641  1.00493  0.01898  0.22175 -0.04087  0.16032  1.04209  0.01976
  1.16784 -0.58138 -0.08964 -0.34874  0.01318  0.89744  0.01292  0.15635 -0.01831  0.03375  1.02574  0.00855
  1.19493 -0.58248 -0.15827 -0.20252 -0.10325  1.31115  0.04821  0.14416 -0.02037  0.03828  1.05142 -0.00586
  1.07835 -0.20188 -0.18579 -0.07363 -0.04584  1.12763  0.05419  0.09462  0.00011 -0.02603  1.06157 -0.01579
  1.06302 -0.15279 -0.19848 -0.02370  0.02260  0.97180  0.06743  0.07635  0.01313 -0.04829  1.06780 -0.01271
  1.04620 -0.10950 -0.18410 -0.00529  0.01015  0.98720  0.06673  0.05142  0.00129 -0.02147  1.07742 -0.01626
  1.01180 -0.04189 -0.16570  0.01185 -0.00604  1.01807  0.06578  0.05854 -0.01616  0.00773  1.08404 -0.01850
  0.98647  0.00094 -0.13277  0.01167 -0.01369  1.02617  0.06262  0.05455 -0.01643  0.00810  1.08633 -0.01891
  0.99600 -0.00970 -0.11023  0.00556  0.01342  0.99229  0.05324  0.05699 -0.00835 -0.00589  1.07878 -0.02373
  1.03338 -0.04164 -0.08372  0.00777  0.00212  0.99980  0.03841  0.05700 -0.02111  0.00854  1.07982 -0.02119
  1.03712 -0.04237 -0.06468  0.00075 -0.02094  1.01871  0.03571  0.05590 -0.01600  0.00380  1.07603 -0.01886
  1.04820 -0.04695 -0.04553  0.00066 -0.02236  1.01617  0.02306  0.05522 -0.00866 -0.00288  1.07487 -0.01941
  1.04692 -0.04295 -0.02295 -0.00480 -0.01868  1.01163  0.00629  0.05923  0.00135 -0.00941  1.07237 -0.01879
  1.04124 -0.03741 -0.00370 -0.00909  0.00003  1.00011 -0.00435  0.06312 -0.00110 -0.00758  1.07090 -0.01832
  1.03237 -0.03051  0.01756 -0.01198 -0.02003  1.00827 -0.01497  0.06375  0.00645 -0.01102  1.06924 -0.01641
  1.01548 -0.02093  0.04033 -0.01476 -0.01935  1.00561 -0.02831  0.06497  0.00927 -0.01324  1.06403 -0.01768
  1.04711 -0.02762  0.06253 -0.01574 -0.03325  1.00947 -0.04026  0.07133  0.01348 -0.01575  1.05769 -0.01843
  1.02269 -0.01803  0.08128 -0.01518 -0.00383  1.00091 -0.05320  0.07500  0.00370 -0.01383  1.05587 -0.01836
  1.01949 -0.01769  0.09296 -0.02247  0.00761  0.99798 -0.06850  0.07787 -0.00638 -0.01248  1.05551 -0.02074
  1.01751 -0.01961  0.09462 -0.02970 -0.01161  0.99383 -0.10030  0.07642 -0.00375 -0.01246  1.05665 -0.01902
  1.03335 -0.02301  0.07910 -0.02843 -0.08152  0.99069 -0.14135  0.07743 -0.00317 -0.01374  1.04745 -0.01778
  1.04905 -0.02356  0.07160 -0.02941 -0.08502  0.98770 -0.15091  0.06784 -0.00546 -0.01494  1.03994 -0.01909
  1.04958 -0.02174  0.07746 -0.02895 -0.06195  0.99283 -0.14277  0.07306 -0.00658 -0.01415  1.04274 -0.01684
  1.06019 -0.01902  0.08720 -0.03690 -0.00171  1.00419 -0.13831  0.06819  0.00235 -0.01185  1.04379 -0.01583
  1.02260 -0.02814  0.09508 -0.04533 -0.03270  0.99471 -0.14527  0.06190 -0.00325 -0.01335  1.04101 -0.01398
  0.98583 -0.03887  0.10179 -0.04451 -0.02887  0.99504 -0.15018  0.06147 -0.00264 -0.01383  1.03625 -0.01386
  0.99866 -0.03309  0.10889 -0.04583 -0.03667  0.99004 -0.15518  0.05722  0.00503 -0.01166  1.03075 -0.01532
  1.01234 -0.02562  0.11382 -0.05056 -0.01587  0.99910 -0.16024  0.05635 -0.00170 -0.01545  1.02513 -0.01505
  0.98522 -0.04025  0.11789 -0.04986 -0.00876  1.00369 -0.16052  0.05609  0.00976 -0.00961  1.02123 -0.01709
  0.98215 -0.04234  0.11371 -0.04519 -0.01368  1.00008 -0.15928  0.05085  0.01056 -0.00772  1.02710 -0.01749
  0.97419 -0.05068  0.11048 -0.04859 -0.01614  0.99939 -0.15687  0.05270  0.00419 -0.01105  1.03882 -0.02030
  0.99811 -0.02678  0.11894 -0.04271 -0.00753  1.00986 -0.14381  0.05233 -0.00699 -0.01932  1.04601 -0.02006
  1.02132  0.00060  0.14610 -0.05135  0.00780  1.02804 -0.12853  0.04887 -0.01946 -0.03243  1.04377 -0.01914
  1.01674 -0.00359  0.16427 -0.05862  0.01997  1.04246 -0.11953  0.04065 -0.01531 -0.03016  1.03402 -0.01933
  0.95824 -0.08912  0.16076 -0.07555  0.03087  1.05542 -0.12595  0.03520 -0.00021 -0.00718  1.04172 -0.01523
  0.96022 -0.09303  0.12142 -0.06675  0.01771  1.03496 -0.12483  0.03141  0.00500  0.00179  1.05374 -0.02062
  1.01171 -0.01323  0.07956 -0.07077  0.01093  1.02754 -0.11517  0.02941 -0.00144 -0.00840  1.05890 -0.02190
  1.02196  0.00345  0.05242 -0.06318 -0.00245  1.00584 -0.09430  0.02548 -0.01053 -0.02880  1.06146 -0.02137
  1.01709 -0.00929  0.05155 -0.06344  0.00017  1.02426 -0.07604  0.02541 -0.00953 -0.02552  1.06274 -0.02095
  1.01738 -0.01103  0.05170 -0.06589 -0.00539  1.02015 -0.05389  0.02374 -0.00537 -0.00718  1.06763 -0.01947
  1.01884  0.00341  0.04831 -0.05613 -0.01003  1.01527 -0.02935  0.02116 -0.00670 -0.00935  1.07002 -0.01768
  1.01874  0.00738  0.04824 -0.05371 -0.01431  0.99965 -0.01082  0.01575 -0.00865 -0.01660  1.07662 -0.01895
  1.01833  0.00146  0.04776 -0.05082 -0.01017  1.16429  0.01400  0.01900 -0.00839 -0.00322  1.07807 -0.01649
