Kalibrierrun vom Mon Feb 28 15:38:22 2000; RV; 004 Grad Schritte; fuer w positiv
auu auv auw au0 avu avv avw av0 awu awv aww aw0
  1.03254  0.05594  0.01859 -0.04640  0.00431  1.08938  0.13546 -0.00762 -0.00189 -0.02799  1.14382 -0.00835
  1.02834  0.08732  0.03789 -0.04791  0.01324  0.97767  0.11351 -0.00749 -0.00314  0.02078  1.13367 -0.00852
  1.02635  0.07853  0.05777 -0.04699  0.01107  1.00140  0.10186 -0.00896  0.00332  0.00175  1.11737 -0.01402
  1.02332  0.08260  0.08190 -0.05371  0.00610  1.03107  0.10036 -0.01342  0.00579 -0.00262  1.10913 -0.01392
  1.02649  0.06080  0.09896 -0.05425  0.01306  1.01163  0.09517 -0.01910  0.00828 -0.00603  1.09676 -0.01537
  1.02453  0.06380  0.10870 -0.05857  0.01158  1.02406  0.08454 -0.02773  0.00234  0.01476  1.08811 -0.01613
  1.03403  0.03784  0.12371 -0.06125  0.02283  1.00318  0.07945 -0.03393  0.00515  0.01031  1.08712 -0.01963
  1.03972  0.02550  0.13398 -0.06275  0.02530  1.00248  0.06422 -0.03206  0.00282  0.01609  1.08571 -0.02039
  1.03734  0.02484  0.14127 -0.05802  0.02195  1.01383  0.04992 -0.03928 -0.00224  0.02598  1.07943 -0.02131
  1.05205  0.00098  0.13731 -0.04714  0.04695  0.98298  0.03396 -0.03915  0.00734  0.01172  1.07988 -0.02091
  1.03649  0.01949  0.12963 -0.04123  0.05502  0.97633  0.01728 -0.03620  0.01125  0.00612  1.08494 -0.02101
  1.03676  0.02092  0.11807 -0.03963  0.05719  0.97697  0.00491 -0.03488  0.02307 -0.00719  1.08772 -0.02019
  1.05126  0.00657  0.11526 -0.03574  0.05846  0.98022 -0.01032 -0.03886  0.03103 -0.01767  1.09810 -0.01616
  1.04135  0.01443  0.11322 -0.03587  0.07825  0.96991 -0.02927 -0.04630  0.00915 -0.00444  1.11108 -0.01000
  1.05984  0.00249  0.11401 -0.03779  0.06411  0.98329 -0.05314 -0.04545 -0.01435  0.01126  1.11590 -0.00970
  1.05693  0.00392  0.11554 -0.03390 -0.01373  1.02862 -0.06042 -0.04753  0.00514  0.00229  1.11059 -0.01695
  1.03741  0.01313  0.11160 -0.03097 -0.04665  1.04543 -0.05543 -0.05282  0.01871 -0.00049  1.09424 -0.02115
  1.04461  0.01309  0.09691 -0.03178 -0.02481  1.03624 -0.06094 -0.05178 -0.00302  0.00900  1.08486 -0.01839
  1.05610  0.01131  0.08156 -0.02739 -0.00415  1.03271 -0.07221 -0.06115 -0.00423  0.01026  1.08355 -0.02219
  1.06389  0.01199  0.05868 -0.02066  0.00966  1.03109 -0.08182 -0.06094 -0.00962  0.01123  1.08534 -0.02289
  1.05121  0.01691  0.03773 -0.01692  0.01587  1.03137 -0.09211 -0.05844  0.00435  0.00829  1.08784 -0.02260
  1.05876  0.01776  0.01513 -0.00826 -0.00032  1.03519 -0.09758 -0.06419  0.00088  0.00937  1.08870 -0.02587
  1.07270  0.01864 -0.00216 -0.00146 -0.01184  1.03556 -0.09587 -0.06606 -0.00952  0.00964  1.08727 -0.02646
  1.06816  0.02056 -0.01856  0.00491  0.01402  1.03566 -0.09534 -0.06581  0.00960  0.00900  1.08868 -0.02330
  1.07233  0.02320 -0.03894  0.01260 -0.02406  1.03077 -0.08898 -0.06516  0.00703  0.00881  1.08859 -0.02328
  1.09022  0.02872 -0.05986  0.02046 -0.00861  1.03135 -0.07777 -0.06656  0.01092  0.00988  1.08588 -0.02369
  1.06730  0.02444 -0.07957  0.02983 -0.00129  1.03135 -0.06763 -0.06527  0.01026  0.00943  1.08259 -0.01994
  1.05969  0.02470 -0.09796  0.03053 -0.00596  1.02747 -0.06062 -0.06063  0.00320  0.00607  1.08280 -0.01735
  1.04300  0.01948 -0.10738  0.03207  0.02209  1.03635 -0.05812 -0.05654 -0.01163 -0.00162  1.09130 -0.01513
  1.04125  0.01983 -0.12068  0.03697 -0.03562  1.00693 -0.06219 -0.04996 -0.03848 -0.01693  1.10539 -0.01570
  1.02908  0.01323 -0.13337  0.04200 -0.08314  0.97839 -0.05739 -0.05163 -0.03931 -0.01786  1.10645 -0.01540
  1.03755  0.01952 -0.14479  0.04435 -0.10828  0.96029 -0.04963 -0.05129 -0.03405 -0.01307  1.09769 -0.01457
  1.02830  0.01223 -0.14756  0.04647 -0.08219  0.97706 -0.03560 -0.04708 -0.02582 -0.00507  1.08931 -0.01556
  1.03137  0.01518 -0.14333  0.04614 -0.06416  0.99113 -0.02016 -0.04678 -0.02038  0.00051  1.08603 -0.01535
  1.03433  0.01603 -0.13812  0.04677 -0.07232  0.97856 -0.00794 -0.04148 -0.02765 -0.00480  1.07877 -0.01878
  1.02154  0.00164 -0.13640  0.04302 -0.04858  1.00467  0.00159 -0.04016 -0.01039  0.01654  1.07398 -0.01855
  1.03141  0.01354 -0.12761  0.04275 -0.05827  0.98775  0.01375 -0.03981 -0.01000  0.01296  1.08064 -0.01523
  0.99444 -0.04976 -0.12277  0.04330 -0.04653  1.00546  0.02494 -0.04263  0.00185  0.03164  1.08620 -0.01467
  1.00764 -0.02973 -0.10730  0.03761 -0.03126  1.03218  0.03089 -0.04032 -0.01723 -0.00303  1.07951 -0.01118
  1.01485 -0.01766 -0.09153  0.03383 -0.00001  1.10392  0.03749 -0.04569 -0.03830 -0.04929  1.07000 -0.00643
  1.04601  0.06135 -0.07013  0.03050  0.04528  1.21094  0.05288 -0.02953 -0.01722  0.02413  1.05300 -0.01644
  1.13102  0.33142 -0.00052  0.02718  0.02060  1.11676  0.06874 -0.02880  0.03517  0.19935  1.06565 -0.02167
  1.33289  1.23156  0.19451 -0.04379 -0.02921  0.89945  0.05305 -0.03117  0.01756  0.09551  1.07867 -0.01476
  1.43925  1.54582  0.52324 -0.07688 -0.05803  0.70948  0.05162 -0.03160 -0.01568 -0.09516  1.05045 -0.00915
  1.44389  0.98364  0.65432 -0.00656 -0.03379  0.86791  0.08984 -0.00763 -0.02466 -0.17065  1.03092 -0.00236
  1.41109 -0.89817  0.47554 -0.01982 -0.02357  1.09455  0.12677  0.00901 -0.02171 -0.03890  1.03973 -0.00331
  1.43030 -2.09268  0.19855 -0.03980 -0.01627  1.08917  0.12878  0.03216 -0.01126 -0.14574  1.05907 -0.01294
  1.24413 -1.02229  0.02101  0.00676 -0.02459  1.12754  0.12501  0.02951 -0.04820  0.16386  1.09357 -0.02002
  1.06974 -0.15653  0.00411  0.04769 -0.01799  1.09549  0.13378  0.01269 -0.03208  0.10022  1.10408 -0.02337
  1.03801 -0.02473  0.02519  0.05360 -0.00868  1.04942  0.12531  0.00841 -0.00933  0.01821  1.10131 -0.02642
  1.04358 -0.03294  0.04221  0.05015 -0.00746  1.05826  0.13190  0.01898  0.00277 -0.01822  1.09638 -0.02669
  1.04080 -0.01875  0.06218  0.04842 -0.00653  1.04946  0.11584  0.01846 -0.00349 -0.00413  1.09933 -0.02536
  1.04318 -0.01662  0.07847  0.05124 -0.02991  1.08289  0.08614  0.01628 -0.01265  0.01163  1.09809 -0.02732
  1.05646 -0.03940  0.08132  0.04850 -0.05560  1.11968  0.07211  0.01892 -0.00839  0.01016  1.10294 -0.01987
  1.03642 -0.01542  0.07474  0.04621 -0.02775  1.08128  0.05716  0.03127 -0.00029  0.00123  1.10369 -0.01536
  1.04294 -0.02572  0.07320  0.03987 -0.00682  1.05103  0.03310  0.03765  0.00753 -0.00697  1.10600 -0.01334
  1.04200 -0.02529  0.07206  0.03613  0.00128  1.03806  0.00770  0.04268 -0.00785  0.00788  1.10033 -0.01365
  1.04355 -0.02704  0.07633  0.02750  0.01089  1.02464 -0.01461  0.04145  0.00043  0.00064  1.09545 -0.00993
  1.05588 -0.03438  0.08796  0.02610  0.03629  0.99948 -0.03528  0.04013  0.03069 -0.02389  1.09498 -0.01232
  1.02213 -0.00970  0.10529  0.02203 -0.00718  1.02419 -0.05152  0.03589  0.02298 -0.01783  1.09753 -0.01132
  0.97688  0.01492  0.09773  0.01769 -0.07545  1.06140 -0.06564  0.04653 -0.00024 -0.00467  1.09515 -0.00988
  0.98777  0.00668  0.07306  0.02001 -0.06511  1.05529 -0.07543  0.04797 -0.00865 -0.00030  1.09262 -0.00997
  1.00056 -0.00126  0.05245  0.01907 -0.05948  1.05133 -0.09083  0.05006  0.00245 -0.00600  1.09113 -0.01321
  0.99488 -0.00186  0.04251  0.01214 -0.05101  1.04758 -0.10675  0.05782  0.00168 -0.00630  1.09040 -0.01607
  0.98672 -0.00142  0.03080  0.01189 -0.04480  1.04392 -0.12371  0.06088 -0.00583 -0.00510  1.08943 -0.01821
  0.99666 -0.00582  0.01904  0.00608 -0.05523  1.04487 -0.14169  0.06802  0.00558 -0.00770  1.09113 -0.02140
  0.98714 -0.00844  0.00326  0.00029 -0.00812  1.03960 -0.15022  0.07230 -0.00914 -0.00584  1.09440 -0.02286
  0.99499 -0.01249 -0.01497 -0.00584 -0.00752  1.04070 -0.15042  0.07152 -0.00447 -0.00629  1.09313 -0.02173
  0.99379 -0.01617 -0.03018 -0.01228  0.00630  1.04112 -0.14145  0.06255 -0.00288 -0.00644  1.08946 -0.01836
  0.98377 -0.02012 -0.04544 -0.01656  0.01262  1.04181 -0.12975  0.05353  0.00724 -0.00527  1.08667 -0.01562
  0.99338 -0.02092 -0.05647 -0.02163  0.02470  1.04609 -0.11914  0.05413 -0.00615 -0.00763  1.08976 -0.01713
  0.97764 -0.02604 -0.06071 -0.02692  0.01661  1.04439 -0.10835  0.04679 -0.00968 -0.00763  1.09240 -0.01204
  0.97665 -0.02766 -0.06587 -0.02886  0.02793  1.04882 -0.09395  0.04180  0.00310 -0.00253  1.09518 -0.00996
  0.95743 -0.03647 -0.07545 -0.02870  0.02775  1.05172 -0.07710  0.04181  0.00931  0.00114  1.10223 -0.00997
  1.00590 -0.01424 -0.08803 -0.02681  0.01855  1.04894 -0.06363  0.04110  0.00642  0.00002  1.10747 -0.01115
  1.06329  0.01800 -0.09225 -0.02818  0.00771  1.04434 -0.05799  0.04218 -0.01343 -0.01381  1.10119 -0.01455
  1.07427  0.02618 -0.08140 -0.03162 -0.02515  1.02473 -0.05102  0.04279 -0.01033 -0.01510  1.08143 -0.01253
  1.06166  0.01519 -0.08176 -0.03543 -0.02096  1.03000 -0.03977  0.04278 -0.00666 -0.01399  1.07390 -0.01269
  1.05310  0.00695 -0.08437 -0.03520 -0.00047  1.05217 -0.02298  0.04404  0.01171  0.00281  1.07398 -0.01198
  1.04272 -0.00481 -0.08372 -0.03902  0.00787  1.06448 -0.00233  0.04023  0.01488  0.00730  1.08499 -0.01453
  1.04152 -0.00731 -0.08388 -0.03901  0.01690  1.08098  0.02490  0.03386  0.01276  0.00646  1.09726 -0.01882
  1.04408 -0.00084 -0.07888 -0.03504 -0.00607  1.05413  0.04673  0.02828  0.01483  0.01107  1.10254 -0.01879
  1.03817 -0.01042 -0.06537 -0.04429 -0.00823  1.05311  0.05995  0.02574  0.00153 -0.00857  1.10540 -0.01797
  1.04690  0.00477 -0.06320 -0.05130 -0.00367  1.06669  0.07704  0.02219  0.00210 -0.00730  1.10661 -0.02021
  1.04671  0.01005 -0.04785 -0.05314 -0.00609  1.06473  0.09119  0.01777  0.00039 -0.01359  1.10041 -0.02117
  1.04752  0.02085 -0.02719 -0.05660 -0.00897  1.06167  0.09922  0.01720  0.00098 -0.00849  1.09874 -0.01599
  1.04208  0.01475 -0.00951 -0.05466 -0.01310  1.04772  0.10476  0.01630  0.00283  0.00092  1.10099 -0.01657
  1.03595  0.00101  0.00336 -0.04935 -0.01182  1.05433  0.11267  0.01052  0.00068 -0.00142  1.10858 -0.01523
  1.03048 -0.02764  0.01206 -0.04972 -0.01140  1.06212  0.12167  0.00526  0.00309  0.03543  1.12045 -0.01053
  1.03283  0.01556  0.01099 -0.04575 -0.00083  1.33635  0.15859 -0.00272 -0.00071 -0.00714  1.13523 -0.01233
