Kalibrierrun vom Tue Feb 29 14:39:56 2000; RV; 004 Grad Schritte; fuer w positiv
auu auv auw au0 avu avv avw av0 awu awv aww aw0
  0.98526  0.03192  0.16896 -0.00156 -0.01630  1.08572  0.23157  0.08781 -0.01399  0.06840  1.15377  0.04723
  0.97920  0.07321  0.19250 -0.00389  0.00121  0.99393  0.22452  0.06384 -0.01781  0.09132  1.17022  0.04501
  0.98728  0.01633  0.20300 -0.00455  0.01055  0.94220  0.22911  0.05801 -0.03392  0.15699  1.17286  0.06523
  0.97995  0.05000  0.20888 -0.00236 -0.02048  1.07330  0.22585  0.04967 -0.01420  0.06946  1.16336  0.05730
  0.99917 -0.01287  0.20848 -0.00630  0.01851  0.93722  0.18989  0.05477 -0.00089  0.01925  1.17300  0.05676
  1.00742 -0.02765  0.19650 -0.00228  0.02639  0.92270  0.15775  0.05853  0.00126  0.02878  1.16396  0.04692
  1.01895 -0.03939  0.17547 -0.00068  0.03880  0.89549  0.15276  0.04127  0.00608  0.03188  1.14954  0.04258
  1.03499 -0.05657  0.15530 -0.00742  0.05105  0.87175  0.14043  0.06550  0.02152  0.02041  1.12444  0.02732
  1.02317 -0.03440  0.15631 -0.00452 -0.00921  0.98221  0.11327  0.04484  0.05132 -0.02573  1.11244  0.02907
  1.04730 -0.06121  0.15867 -0.01875 -0.01474  0.98302  0.10021  0.05949  0.04262 -0.01324  1.11693  0.02401
  0.97895  0.01040  0.16932  0.00845  0.05439  0.90707  0.07954  0.04157  0.03284 -0.00522  1.12645  0.02562
  0.95203  0.03965  0.18402 -0.01786  0.05601  0.90788  0.07825  0.05415  0.07516 -0.04972  1.13909  0.01883
  1.00224 -0.01481  0.21185 -0.00399 -0.02865  0.98217  0.07918  0.05859  0.07385 -0.05136  1.14359  0.02643
  1.03878 -0.03747  0.21607 -0.00454 -0.04197  0.96973  0.12331  0.07721  0.08496 -0.05421  1.12813  0.01418
  1.02505 -0.02465  0.20146  0.00654 -0.08444  0.99171  0.15824  0.05689  0.19772 -0.12746  1.11352  0.00548
  0.96758  0.00544  0.18949  0.01770  0.02735  0.93218  0.16239  0.04591  0.09881 -0.07617  1.12897  0.01598
  1.05626 -0.02878  0.14072  0.01798  0.03425  0.93150  0.15243  0.04206  0.12729 -0.08922  1.12523  0.02235
  1.01921 -0.00792  0.09922  0.03158  0.00045  0.94693  0.14064  0.05133  0.07369 -0.06843  1.12792  0.02631
  1.08385 -0.02277  0.06202  0.02487  0.01264  0.95164  0.11147  0.04168  0.06589 -0.06369  1.11490  0.02855
  1.07093 -0.01424  0.03233  0.03913 -0.01362  0.96546  0.08242  0.03169  0.04675 -0.05648  1.09969  0.02852
  1.07197 -0.01271  0.00397  0.05478  0.01358  0.96440  0.05571  0.03764  0.02753 -0.05221  1.08862  0.03000
  1.06710 -0.00373 -0.03395  0.04391  0.01910  0.97042  0.03639  0.02747  0.01786 -0.04908  1.07803  0.02369
  0.92400  0.00114 -0.07030  0.06080 -0.00750  0.97569  0.01871  0.02932 -0.02258 -0.04841  1.08029  0.02348
  0.95197  0.01359 -0.12292  0.04340 -0.06180  0.97654  0.01415  0.02399 -0.08441 -0.04952  1.08058  0.01926
  0.98339  0.02244 -0.17650  0.07148 -0.05210  0.98295 -0.00919  0.02485 -0.09477 -0.04684  1.06945  0.01627
  1.10582  0.05914 -0.20940  0.05786  0.01282  0.99972 -0.03216  0.03025 -0.09001 -0.04366  1.05963  0.01360
  1.17191  0.08211 -0.22686  0.07218  0.06979  1.01444 -0.03037  0.04559 -0.06191 -0.03994  1.07392  0.01634
  1.02041  0.03849 -0.21371  0.04067 -0.02835  0.98466 -0.02469  0.02885 -0.07378 -0.04469  1.08768  0.00327
  1.14179  0.08269 -0.21227  0.06393  0.04348  1.01061 -0.01434  0.04771 -0.10911 -0.06048  1.10471 -0.00320
  1.05732  0.04131 -0.20246  0.06767 -0.05361  0.95943  0.01252  0.04633 -0.10300 -0.06353  1.12185  0.00679
  1.09286  0.06718 -0.23916  0.07608 -0.05689  0.95104  0.03042  0.05256 -0.10866 -0.06942  1.15046  0.00152
  1.05460  0.04598 -0.25189  0.06827 -0.06800  0.94128  0.05297  0.03977 -0.11928 -0.07873  1.16674 -0.00119
  0.97719 -0.01817 -0.26165  0.05780 -0.12912  0.88137  0.08154  0.03912 -0.15177 -0.11073  1.18165 -0.00121
  0.99626 -0.00401 -0.27876  0.07220 -0.11069  0.88857  0.08257  0.05506 -0.07966 -0.04951  1.18149  0.00934
  0.98198 -0.02580 -0.28431  0.07462 -0.04557  0.94879  0.08538  0.05025 -0.07692 -0.04466  1.18156  0.00013
  0.92724 -0.09461 -0.24516  0.05917 -0.04353  0.94914  0.10582  0.04705 -0.07190 -0.04306  1.18395  0.00682
  0.90845 -0.12902 -0.22913  0.06440 -0.07777  0.90578  0.08883  0.04104 -0.06786 -0.03366  1.17301 -0.00278
  0.95798 -0.05929 -0.21691  0.07571 -0.03153  0.98046  0.07532  0.03480 -0.04601  0.00732  1.14287 -0.00102
  0.95836 -0.06728 -0.19791  0.07455 -0.00064  1.03780  0.07593  0.03764 -0.01530  0.06644  1.13668  0.00440
  0.95750 -0.07501 -0.17990  0.07003 -0.00623  1.03249  0.09779  0.02553 -0.01147  0.07196  1.14536  0.01647
  0.95509 -0.07768 -0.18199  0.05448 -0.03480  0.95574  0.10451  0.01207 -0.01755  0.05349  1.14928  0.01977
  0.97114 -0.02444 -0.19596  0.07043 -0.02080  0.98431  0.12292  0.02155 -0.01098  0.07751  1.16314  0.01760
  0.97123 -0.00891 -0.19467  0.06396 -0.00410  1.05656  0.17456  0.01407 -0.00733  0.09234  1.17031  0.01732
  0.94902 -0.12384 -0.22637  0.04383 -0.03985  0.80694  0.12526  0.02266 -0.00796  0.11497  1.14964  0.01349
  0.95554 -0.01271 -0.24653  0.04588 -0.02187  1.06392  0.09340  0.02049 -0.00700  0.18625  1.11707  0.00571
  0.95920 -0.00664 -0.23483  0.04492 -0.02512  0.98302  0.06537  0.03121 -0.00403  0.16279  1.12769  0.00947
  0.96469 -0.02746 -0.19173  0.05269 -0.01463  0.89276  0.02905  0.04408 -0.00135  0.12380  1.12583  0.01013
  0.98067 -0.06597 -0.14181  0.06745 -0.02584  0.99214  0.00340  0.05218  0.00103  0.09621  1.11315  0.00921
  0.97358 -0.00747 -0.10091  0.06244 -0.02025  0.97249 -0.00087  0.04994 -0.00339  0.10869  1.09996  0.00948
  0.99543 -0.05492 -0.06196  0.06441 -0.02656  1.00860 -0.01124  0.06140  0.00174  0.08919  1.09360  0.01492
  0.99280 -0.02681 -0.02952  0.07464 -0.05529  1.06092 -0.03269  0.02406 -0.00535  0.10012  1.07559  0.01828
  1.00478 -0.03805  0.01238  0.07324 -0.04741  1.03601 -0.05054  0.03530  0.01398  0.05840  1.07701  0.02354
  0.99665 -0.01253  0.02285  0.08328 -0.06478  1.06038 -0.05863  0.04364  0.04825 -0.00367  1.08396  0.02715
  0.91679  0.12174  0.05333  0.06686  0.03661  0.88225 -0.10341  0.03852  0.08287 -0.05711  1.09533  0.02042
  0.93253  0.10394  0.09595  0.06424  0.05268  0.87359 -0.13663  0.06287  0.10023 -0.07887  1.09200  0.02747
  1.00143  0.02374  0.10658  0.06397 -0.03509  0.97650 -0.15546  0.04338  0.08735 -0.06011  1.09514  0.02690
  1.14004 -0.11516  0.13157  0.03536 -0.17817  1.11713 -0.18119  0.05999  0.07136 -0.05160  1.09157  0.00297
  1.10940 -0.07156  0.12751  0.05037 -0.15387  1.07989 -0.19168  0.06127  0.08216 -0.05666  1.10470  0.00745
  1.08912 -0.05317  0.11500  0.03075 -0.11917  1.04936 -0.20325  0.08346  0.07032 -0.04465  1.11699  0.00334
  1.03210 -0.01573  0.11239  0.02274 -0.09334  1.02925 -0.21819  0.07714  0.09571 -0.05899  1.12396  0.01154
  0.78497  0.11637  0.08130  0.03848  0.03923  0.95718 -0.23310  0.08429  0.05388 -0.03292  1.14866  0.01321
  0.94572  0.02387  0.10156  0.01533 -0.04699  1.00097 -0.26794  0.08199  0.06687 -0.04062  1.15674  0.01210
  0.96329  0.01526  0.09862  0.01843 -0.02311  0.99295 -0.28104  0.08644  0.10450 -0.05442  1.15779  0.01849
  1.01428  0.00038  0.07366  0.01491 -0.06691  1.00817 -0.27386  0.09076  0.07025 -0.04315  1.16095  0.02785
  0.94151  0.01982  0.06806  0.01569 -0.00773  0.99382 -0.26951  0.08958  0.06482 -0.04250  1.16016  0.02621
  0.85776  0.02794  0.04602 -0.00440  0.03810  0.98866 -0.25397  0.09608  0.03754 -0.04070  1.15520  0.01014
  0.93142  0.02129  0.03907  0.01627  0.08143  0.98812 -0.22415  0.09854  0.07017 -0.04471  1.13753  0.01789
  0.98538  0.02469  0.05908  0.00871 -0.00063  0.99314 -0.19864  0.10822  0.00049 -0.04244  1.11348  0.02707
  1.05931  0.02471  0.03779  0.00295  0.04505  0.99663 -0.17929  0.10773 -0.07582 -0.04427  1.11681  0.02960
  1.00969  0.03015  0.01956  0.02549  0.03648  0.99680 -0.17248  0.10804 -0.05959 -0.04124  1.12803  0.03256
  0.86341 -0.00455 -0.00398  0.00820  0.01881  0.99334 -0.17899  0.11807 -0.05354 -0.03689  1.13709  0.04674
  0.93663  0.00931 -0.00476  0.01319  0.02333  0.99324 -0.18705  0.11914 -0.10120 -0.04935  1.15258  0.03638
  1.02311  0.04143 -0.02828  0.02726  0.03560  0.99497 -0.20962  0.11968 -0.07808 -0.04067  1.16114  0.03827
  0.89735 -0.00258  0.01898  0.01555  0.01929  0.98308 -0.23717  0.09831 -0.11573 -0.06105  1.14557  0.02652
  1.11227  0.10799  0.05621  0.01513  0.02554  0.98964 -0.25722  0.12142 -0.21822 -0.11483  1.13231  0.01778
  0.88171 -0.02922  0.05262 -0.00881 -0.02548  0.96162 -0.22409  0.10963 -0.13306 -0.06046  1.13556  0.03325
  0.96441  0.02078  0.07498 -0.01064  0.05039  1.01338 -0.18567  0.10680 -0.13818 -0.06165  1.13992  0.04263
  1.02996  0.08057  0.06458  0.00903  0.05040  1.02872 -0.14234  0.11636 -0.10021 -0.03501  1.12235  0.04516
  0.98844  0.03789  0.05754 -0.00020  0.04067  1.02567 -0.10206  0.10387 -0.10456 -0.04206  1.11010  0.04496
  1.00159  0.05438  0.04284  0.01998  0.02271  1.02640 -0.04671  0.12383 -0.08673 -0.02512  1.09764  0.05573
  0.98697  0.03385  0.03595  0.01574  0.01469  1.02434 -0.01345  0.12519 -0.09731 -0.03836  1.08176  0.06357
  1.00427  0.05823  0.05109 -0.00078  0.02506  1.04306  0.02200  0.10116 -0.08012 -0.01309  1.08103  0.06975
  1.03808  0.12901  0.06675  0.01260  0.01585  1.04923  0.05600  0.10389 -0.02955  0.07193  1.08734  0.07923
  0.99251  0.06046  0.08960  0.01117 -0.07919  0.90005  0.10456  0.10065 -0.01247  0.10487  1.09127  0.07730
  0.95993 -0.01769  0.10480  0.00018 -0.17311  0.69076  0.16765  0.10201  0.00610  0.13689  1.08133  0.05916
  0.97766  0.01260  0.10763 -0.00516 -0.09030  0.89062  0.20177  0.09818 -0.01188  0.08614  1.08013  0.06285
  0.99306  0.05738  0.11391 -0.01535 -0.01087  1.15370  0.20194  0.10594 -0.00941  0.09564  1.09314  0.05114
  0.99012  0.06889  0.11977  0.00217 -0.02894  1.10317  0.19371  0.12588 -0.01057  0.10532  1.10821  0.05113
  0.99135  0.07765  0.14009 -0.01699 -0.02271  1.13337  0.20721  0.08532 -0.01048  0.09912  1.11683  0.03653
  0.98824  0.08911  0.15755 -0.01053 -0.01020  1.16101  0.19045  0.08196 -0.01126  0.18800  1.14163  0.04201
