Kalibrierrun vom Thu Mar 02 18:29:13 2000; RV; 004 Grad Schritte; fuer w positiv
auu auv auw au0 avu avv avw av0 awu awv aww aw0
  1.09646  0.08398 -0.03642 -0.02897 -0.01259  1.23738  0.15408  0.03367 -0.04632  0.11761  1.11045  0.01128
  1.20530 -0.07191 -0.01639 -0.04627  0.26180  0.84744  0.13469  0.00301  0.08150 -0.06443  1.09975 -0.00295
  1.21050 -0.09295  0.03964 -0.05748  0.25193  0.85688  0.17452 -0.02791  0.09529 -0.08706  1.12498 -0.01279
  1.13127 -0.01306  0.09510 -0.06631  0.08471  1.03715  0.20305 -0.03314  0.03257 -0.01959  1.14664 -0.01202
  1.10253  0.00889  0.10766 -0.04939  0.04254  1.08948  0.18450 -0.05143 -0.02389  0.02883  1.14864  0.00880
  1.03906  0.05892  0.10399 -0.03726  0.15154  1.00517  0.16329 -0.06738 -0.09146  0.08285  1.14469  0.01866
  1.03843  0.05544  0.10025 -0.02511  0.11094  1.03801  0.15237 -0.07447 -0.01299  0.02307  1.14271  0.02523
  1.09064  0.02202  0.10316 -0.02065  0.06858  1.06819  0.13991 -0.08772  0.05537 -0.02000  1.13515  0.03365
  1.10789  0.00838  0.11720 -0.01033  0.07405  1.07157  0.11577 -0.09994  0.06323 -0.02593  1.13384  0.04337
  1.10875  0.00375  0.12792  0.00402  0.10696  1.06288  0.09590 -0.11039  0.04215 -0.01732  1.13854  0.04543
  1.14122 -0.01094  0.13902  0.00996  0.12158  1.06452  0.06736 -0.12080  0.03991 -0.01919  1.14803  0.05243
  1.12616 -0.01054  0.15713  0.01565  0.09431  1.07886  0.04160 -0.13287  0.03861 -0.01877  1.14423  0.05650
  1.13950 -0.01698  0.16487  0.02563  0.11315  1.07801  0.01943 -0.13237  0.00021 -0.00979  1.13262  0.06119
  1.17422 -0.02562  0.17398  0.03840  0.10873  1.08035 -0.00969 -0.11968 -0.00789 -0.00780  1.12732  0.05769
  1.14670 -0.02877  0.21065  0.03797  0.08365  1.08903 -0.06283 -0.11385  0.00579 -0.00896  1.13582  0.05443
  1.19637 -0.02952  0.21721  0.03758 -0.03574  1.08927 -0.08361 -0.10107  0.06498 -0.00675  1.13129  0.04810
  1.22438 -0.02308  0.19789  0.03336 -0.10244  1.08467 -0.08406 -0.09945  0.10311  0.00006  1.11564  0.03951
  1.19825 -0.02091  0.17829  0.02149 -0.06038  1.08776 -0.08399 -0.08588  0.05200 -0.00414  1.10959  0.02744
  1.16663 -0.02397  0.16197  0.01886 -0.02633  1.09632 -0.09270 -0.08455  0.02351 -0.00933  1.11751  0.01605
  1.12608 -0.03367  0.15291  0.01853 -0.00269  1.10552 -0.11151 -0.08174  0.02050 -0.01138  1.12755  0.01041
  1.11572 -0.03501  0.13492  0.02309  0.03624  1.12513 -0.13098 -0.08851 -0.00272 -0.02147  1.13706  0.00857
  1.14187 -0.01856  0.09913  0.03618  0.01298  1.11439 -0.13239 -0.09082  0.00019 -0.01996  1.14279  0.00102
  1.13612 -0.01613  0.06363  0.04684  0.00026  1.10746 -0.13104 -0.09591  0.00648 -0.01610  1.14687 -0.00688
  1.12307 -0.01878  0.03400  0.05030 -0.06535  1.06626 -0.13564 -0.09244 -0.04221 -0.04679  1.14613 -0.00801
  1.14298  0.00342  0.00213  0.04966 -0.02971  1.09277 -0.14387 -0.08212 -0.02652 -0.03607  1.15003 -0.00757
  1.12728 -0.00060 -0.03329  0.04502  0.02329  1.13374 -0.14884 -0.06404 -0.01715 -0.03160  1.15439 -0.00125
  1.19527  0.07404 -0.05481  0.03985 -0.01039  1.09875 -0.14365 -0.06370  0.00455 -0.01335  1.14851  0.01438
  1.30112  0.17419 -0.01397  0.05730 -0.21229  0.88908 -0.19842 -0.06583  0.10911  0.09501  1.16556  0.02505
  1.29348  0.14817  0.03306  0.07188 -0.15419  0.97763 -0.22353 -0.08183  0.06066  0.02441  1.16876  0.04125
  1.23615  0.06532  0.02248  0.08937 -0.00623  1.18875 -0.19519 -0.09062 -0.04392 -0.12393  1.14854  0.05102
  1.26816  0.11624  0.01688  0.10259 -0.01887  1.15025 -0.14134 -0.09917 -0.06982 -0.15763  1.11699  0.05466
  1.11855 -0.20530  0.01969  0.12962 -0.03212  1.10735 -0.10077 -0.09946  0.01485  0.02174  1.11139  0.05549
  1.01971 -0.42406 -0.04932  0.16242 -0.02462  1.09690 -0.04344 -0.10201  0.04424  0.08185  1.13890  0.04058
  1.10297 -0.13797 -0.10209  0.14973 -0.00773  1.11801 -0.00175 -0.09190  0.00362 -0.06514  1.17141  0.03791
  1.13364 -0.01644 -0.09142  0.13497 -0.01054  1.06830  0.02426 -0.07493 -0.01107 -0.11489  1.16069  0.03221
  1.12040 -0.07302 -0.09128  0.12156 -0.02228  0.99110  0.01742 -0.05657 -0.01745 -0.13254  1.13683  0.03572
  1.12347 -0.02444 -0.10127  0.11628 -0.01769  1.00328  0.02525 -0.03891 -0.00907 -0.03492  1.12151  0.03865
  1.12262 -0.01515 -0.10992  0.11700 -0.01368  1.06109  0.03660 -0.03012 -0.01094  0.00119  1.10886  0.03287
  1.12131 -0.02014 -0.11439  0.10759 -0.00406  1.05601  0.06696 -0.00714 -0.01100  0.00526  1.10792  0.03361
  1.12173 -0.04335 -0.12338  0.10642  0.00491  1.05232  0.10162  0.01282 -0.01336  0.01360  1.09837  0.02966
  1.12072 -0.05680 -0.12843  0.09605  0.01153  1.05377  0.13064  0.02882 -0.01594  0.02025  1.09298  0.02467
  1.13365 -0.11783 -0.12902  0.08398  0.01433  1.07001  0.15029  0.05234 -0.01787  0.01605  1.08607  0.01374
  1.12732 -0.10242 -0.12963  0.07383  0.02349  1.05585  0.16353  0.06984 -0.02230  0.01794  1.07976 -0.00091
  1.13570 -0.12412 -0.12185  0.05974  0.03027  1.04621  0.17613  0.07528 -0.02327  0.01761  1.08327 -0.00942
  1.12395 -0.09107 -0.08912  0.05279  0.03723  1.04337  0.20620  0.07569 -0.01302 -0.00075  1.09995 -0.01491
  1.11412 -0.06406 -0.05172  0.05097 -0.01075  1.13041  0.20642  0.09178 -0.02872  0.02972  1.12286 -0.02290
  1.08760 -0.02117 -0.03756  0.04327 -0.06892  1.21048  0.16049  0.11562 -0.05626  0.06710  1.11589 -0.02996
  1.10891 -0.05082 -0.02893  0.02242 -0.08117  1.22562  0.13727  0.13184 -0.03584  0.03782  1.11630 -0.04267
  1.12779 -0.07073 -0.00415  0.00183 -0.02759  1.16583  0.12459  0.14106 -0.00281  0.00072  1.12409 -0.05077
  1.11329 -0.05075  0.02701 -0.00510 -0.02358  1.16318  0.13276  0.13986 -0.02870  0.02999  1.13538 -0.04627
  1.14464 -0.07310  0.05369 -0.01320  0.00209  1.13809  0.12159  0.13913 -0.00238  0.00755  1.13723 -0.04438
  1.12665 -0.05816  0.07352 -0.02419 -0.02684  1.15091  0.09289  0.13356 -0.00246  0.00807  1.13712 -0.04095
  1.11676 -0.04736  0.09104 -0.02326 -0.02596  1.14589  0.08357  0.13152  0.00123  0.00575  1.13026 -0.03697
  1.02972  0.00325  0.11179 -0.02688 -0.03953  1.15112  0.07139  0.13424  0.05963 -0.02697  1.12616 -0.03830
  1.04815  0.00098  0.14105 -0.02143 -0.02835  1.14374  0.06294  0.12669  0.03060 -0.01349  1.12399 -0.02702
  1.12178 -0.02388  0.16806 -0.03180 -0.01030  1.12682  0.03937  0.10148  0.01912 -0.00534  1.12542 -0.00617
  1.12090 -0.02254  0.17430 -0.02136 -0.01106  1.11772  0.01408  0.07891  0.01075 -0.00029  1.12178  0.01215
  0.96233  0.01575  0.18955 -0.01043 -0.29326  1.18103  0.05978  0.05659 -0.14943  0.03834  1.13940  0.02155
  0.99682  0.01415  0.19744 -0.00730 -0.32004  1.19309  0.10661  0.04926 -0.10064  0.03512  1.14706  0.02887
  1.22798 -0.00335  0.18481 -0.00525 -0.12123  1.17610  0.08330  0.05865  0.12961  0.02032  1.15046  0.03954
  1.26136 -0.00841  0.13265  0.00299 -0.16189  1.17450  0.06898  0.06779  0.13515  0.02006  1.13950  0.04644
  0.99881 -0.03394  0.08726 -0.00205  0.26499  1.20461  0.06046  0.06452 -0.09149  0.00215  1.13035  0.04942
  0.86550 -0.05312  0.07475 -0.00623  0.34353  1.20367 -0.02348  0.09239 -0.14910 -0.00071  1.15802  0.03672
  1.01624 -0.02227  0.06334  0.00351  0.03764  1.12794 -0.09362  0.09996 -0.00973  0.03031  1.17372  0.02873
  1.05727 -0.01563  0.04628  0.00222 -0.02350  1.10670 -0.11295  0.09357  0.07922  0.05561  1.17756  0.02717
  1.00101 -0.03478  0.05716  0.00010 -0.00682  1.11083 -0.11308  0.08422  0.09831  0.05849  1.16636  0.02607
  0.96942 -0.04806  0.07496 -0.01117 -0.06377  1.08577 -0.11853  0.08666  0.05383  0.03500  1.14926  0.02563
  1.04057 -0.00934  0.06942 -0.00485 -0.04779  1.09059 -0.13221  0.07910  0.01969  0.01514  1.13587  0.02883
  1.06302 -0.00208  0.04803 -0.01701 -0.02446  1.09976 -0.15202  0.06765  0.00996  0.00859  1.13234  0.02672
  1.05328 -0.01476  0.03007 -0.02911 -0.02030  1.09688 -0.17281  0.05523  0.01549  0.00827  1.12746  0.01415
  1.03243 -0.03539  0.02130 -0.03757  0.00697  1.11875 -0.18365  0.05819  0.01251  0.00565  1.12714  0.01396
  1.04176 -0.03020  0.00542 -0.04108 -0.01409  1.09830 -0.18660  0.05917  0.02170  0.01417  1.12526  0.01360
  1.04116 -0.03904 -0.02183 -0.04498  0.01754  1.12980 -0.19327  0.05478  0.03228  0.02505  1.11944  0.01438
  1.03516 -0.05351 -0.05500 -0.04175  0.03240  1.14411 -0.19990  0.04220  0.04320  0.03969  1.11898  0.01491
  1.04876 -0.04307 -0.09815 -0.04191  0.01655  1.11857 -0.19879  0.03878  0.03104  0.02330  1.12788  0.01481
  1.09267  0.02544 -0.11900 -0.04794  0.01517  1.12216 -0.17558  0.04220  0.00975 -0.01412  1.13733  0.00973
  1.12973  0.10786 -0.10549 -0.04703  0.01159  1.12692 -0.14958  0.05045 -0.00556 -0.04914  1.13081  0.00469
  1.11735  0.07879 -0.09308 -0.05025  0.02311  1.16319 -0.12826  0.04579  0.01244 -0.01237  1.12196 -0.00616
  1.09504  0.00807 -0.08417 -0.06465  0.02424  1.18393 -0.09485  0.04767  0.02069  0.00413  1.11783 -0.01772
  1.09185 -0.01537 -0.09466 -0.07399  0.00984  1.15504 -0.06299  0.05469  0.02084  0.00056  1.12480 -0.02809
  1.09437 -0.03150 -0.10990 -0.09249  0.00763  1.17340 -0.03068  0.05732  0.02348  0.00966  1.13118 -0.03894
  1.09551 -0.01741 -0.10130 -0.09839  0.00653  1.19053 -0.00414  0.05436  0.02366  0.00224  1.13082 -0.04811
  1.09520  0.00103 -0.08458 -0.10526  0.00141  1.15610  0.01897  0.05723  0.02361 -0.00457  1.13184 -0.05567
  1.08976  0.07156 -0.06462 -0.10700 -0.00194  1.12765  0.04482  0.05759  0.02176  0.05255  1.13585 -0.05981
  1.09029  0.05590 -0.05463 -0.10573 -0.01280  1.14522  0.08675  0.06600  0.01970  0.07543  1.13639 -0.05638
  1.09373  0.01265 -0.03782 -0.09616 -0.03332  1.21357  0.12689  0.08433  0.02547  0.04462  1.12963 -0.05349
  1.05186  0.13403 -0.01594 -0.05956 -0.04314  1.23079  0.13579  0.10262  0.04153 -0.02499  1.13249 -0.04802
  0.98106  0.36099 -0.07386 -0.02046 -0.03741  1.21597  0.13680  0.09756  0.07483 -0.13907  1.15044 -0.04752
  1.03593  0.24655 -0.09816 -0.02981 -0.07115  1.30035  0.14198  0.08700  0.01328 -0.00499  1.14901 -0.02064
  1.13816  0.02754 -0.07742 -0.04024 -0.12678  1.42140  0.17769  0.04935 -0.03256  0.08876  1.13183  0.00364
