Kalibrierrun vom Thu Mar 02 18:32:06 2000; RV; 004 Grad Schritte; fuer w positiv
auu auv auw au0 avu avv avw av0 awu awv aww aw0
  1.15022  0.00273 -0.09490  0.00829 -0.14652  1.34253  0.10133 -0.04116 -0.08014  0.13467  1.04122 -0.00188
  1.19349 -0.06728 -0.05733  0.01156  0.08715  1.00700  0.06270 -0.04353  0.00737  0.01033  1.02241  0.01136
  1.24512 -0.14896  0.00992  0.01405  0.23340  0.81682  0.07809 -0.06321  0.08945 -0.10191  1.04047  0.01160
  1.14049 -0.04619  0.06676  0.00436  0.11755  0.94681  0.09705 -0.09226  0.00529 -0.01166  1.06449 -0.00167
  1.05039  0.03987  0.07744 -0.00294  0.03347  1.03835  0.06956 -0.10098 -0.04700  0.04034  1.06943 -0.01183
  1.00898  0.07640  0.06939 -0.00356  0.07475  1.00514  0.06201 -0.09424 -0.06557  0.05785  1.06459 -0.01068
  0.98381  0.09211  0.06888  0.00148  0.05574  1.02003  0.06191 -0.09783 -0.04567  0.04128  1.05818  0.00074
  1.03499  0.05801  0.07074  0.00662  0.01909  1.04575  0.05912 -0.11350  0.02620 -0.00595  1.05587  0.01146
  1.04886  0.04559  0.08165  0.01931 -0.00012  1.06358  0.03669 -0.12910  0.03504 -0.01470  1.06828  0.02142
  1.06343  0.03610  0.08739  0.02574  0.01915  1.06089  0.01748 -0.14091  0.01471 -0.00862  1.07642  0.02582
  1.07390  0.03094  0.09474  0.02009  0.02805  1.06040  0.00580 -0.14594  0.02007 -0.01326  1.08520  0.03105
  1.11578  0.01693  0.10826  0.01667  0.05627  1.05577 -0.00842 -0.15058  0.01302 -0.01280  1.09049  0.03441
  1.15211  0.00452  0.13200  0.02056  0.07626  1.05328 -0.02369 -0.14712 -0.01687 -0.00671  1.09086  0.03787
  1.16890 -0.00237  0.15819  0.02751  0.11079  1.05108 -0.04338 -0.14010 -0.04380 -0.00323  1.09253  0.03930
  1.13747 -0.00129  0.18369  0.01550  0.04637  1.05759 -0.07254 -0.12231 -0.02242 -0.00450  1.09298  0.04096
  1.18146  0.00007  0.18545  0.00377 -0.04709  1.05880 -0.07916 -0.12136  0.04402 -0.00459  1.09297  0.04185
  1.16391  0.00070  0.18289 -0.00664 -0.10330  1.05346 -0.07758 -0.11250  0.07237 -0.00009  1.08329  0.03891
  1.14038  0.00121  0.16346 -0.00900 -0.04686  1.05821 -0.06951 -0.10307  0.03807 -0.00520  1.07414  0.04977
  1.10316 -0.00355  0.14641 -0.00806  0.01286  1.06860 -0.06937 -0.09466  0.02243 -0.01017  1.07731  0.06031
  1.09932 -0.00504  0.13711  0.00477  0.01627  1.07191 -0.08930 -0.09003  0.02078 -0.01367  1.08851  0.06691
  1.09109 -0.00432  0.11916  0.00717  0.02208  1.07720 -0.11744 -0.08237  0.01134 -0.01811  1.09293  0.06959
  1.10633  0.00653  0.08991  0.01556  0.00824  1.07320 -0.13267 -0.07669  0.03098 -0.00939  1.09281  0.07064
  1.10410  0.01091  0.05951  0.02229 -0.02149  1.05497 -0.12966 -0.06825  0.00602 -0.02212  1.08919  0.07168
  1.06611 -0.00656  0.01854  0.03258 -0.07388  1.02119 -0.13533 -0.05851 -0.04431 -0.05229  1.08366  0.06971
  1.07874  0.01384 -0.03099  0.03687 -0.04864  1.04258 -0.15534 -0.04955 -0.03815 -0.04755  1.07807  0.07330
  1.07921  0.02832 -0.07988  0.03103 -0.00828  1.07533 -0.15671 -0.04373 -0.01064 -0.02345  1.06939  0.07664
  1.14307  0.09816 -0.09135  0.01978 -0.07745  1.00385 -0.15521 -0.03558  0.03704  0.02308  1.06942  0.07737
  1.23667  0.18778 -0.04295  0.02296 -0.24358  0.83092 -0.20041 -0.02688  0.12067  0.10835  1.08948  0.07840
  1.21815  0.14351  0.00800  0.04014 -0.18884  0.91354 -0.22312 -0.04092  0.07774  0.05208  1.09523  0.07908
  1.19686  0.10774  0.01239  0.05181 -0.01248  1.16467 -0.17219 -0.06403 -0.06091 -0.14733  1.07220  0.08791
  1.21913  0.13661  0.02244  0.05680 -0.00458  1.15129 -0.09726 -0.05994 -0.05892 -0.13680  1.05316  0.08525
  1.03252 -0.26186  0.02607  0.07547  0.01036  1.16115 -0.03879 -0.05852  0.04841  0.08942  1.06295  0.07174
  0.99982 -0.32445 -0.02757  0.11285  0.00398  1.12404  0.02023 -0.06902  0.05723  0.10070  1.09238  0.05590
  1.08570 -0.03489 -0.04922  0.09388 -0.00861  1.07431  0.04994 -0.07914  0.00949 -0.04679  1.10783  0.04389
  1.09806  0.00583 -0.04072  0.09359 -0.02434  1.01724  0.04848 -0.08658 -0.00735 -0.10682  1.10274  0.03953
  1.08737 -0.02781 -0.05078  0.07827 -0.03759  0.96907  0.02548 -0.08624 -0.00653 -0.08909  1.09310  0.03771
  1.08258 -0.02433 -0.06541  0.06452 -0.04190  0.96371  0.01062 -0.09029 -0.00844 -0.05081  1.07489  0.02406
  1.07892  0.00527 -0.08440  0.05212 -0.04134  1.01946  0.01451 -0.09681 -0.01146  0.01027  1.05637  0.01291
  1.07891 -0.00653 -0.09393  0.05216 -0.03584  1.02327  0.03265 -0.08456 -0.01402  0.00298  1.04500  0.00565
  1.08527 -0.04958 -0.09278  0.05766 -0.03189  1.03435  0.04613 -0.06823 -0.01498  0.00182  1.04070  0.00303
  1.08965 -0.06212 -0.09128  0.06200 -0.02227  1.00317  0.06346 -0.05735 -0.01843  0.01175  1.04359 -0.00529
  1.08824 -0.06181 -0.09423  0.05329 -0.02160  1.01487  0.08787 -0.05651 -0.01374 -0.00313  1.04019  0.00205
  1.08548 -0.06230 -0.09657  0.03858 -0.02078  1.02670  0.11323 -0.04936 -0.00772 -0.02019  1.03662  0.00565
  1.09245 -0.07901 -0.08251  0.02724 -0.01834  1.04562  0.14952 -0.02546 -0.00448 -0.02485  1.04058  0.00702
  1.07470 -0.03340 -0.05492  0.02288  0.00141  1.01791  0.17779 -0.01381 -0.01400 -0.00083  1.05558  0.00537
  1.06345 -0.00837 -0.03592  0.02022 -0.04140  1.09584  0.17429  0.00007 -0.02826  0.03093  1.07202  0.00783
  1.03641  0.03116 -0.02582  0.00873 -0.07719  1.14846  0.17144  0.00297 -0.04543  0.05472  1.07567  0.00133
  1.05938  0.00487 -0.01435  0.00340 -0.05459  1.11764  0.14991  0.01167 -0.02217  0.02578  1.07562  0.00229
  1.07093 -0.00343  0.01107 -0.00769 -0.03058  1.09047  0.13727  0.02406 -0.00622  0.01185  1.08824  0.00401
  1.08671 -0.01545  0.04118 -0.02678 -0.02013  1.08345  0.13813  0.03675 -0.00708  0.01779  1.10893  0.00237
  1.07160  0.00107  0.07726 -0.04645 -0.00663  1.07587  0.13830  0.05193  0.00524  0.00704  1.11716 -0.00387
  1.08117 -0.00317  0.10152 -0.05674 -0.01059  1.08058  0.12993  0.06879  0.00114  0.00857  1.11401 -0.00727
  1.08058 -0.00156  0.11343 -0.06285 -0.03399  1.09433  0.11463  0.08251  0.00452  0.00405  1.10669 -0.01106
  1.02879  0.02794  0.12917 -0.06695 -0.02418  1.08519  0.09546  0.08402  0.03408 -0.01432  1.10424 -0.01985
  1.00203  0.04531  0.15141 -0.06859 -0.00131  1.06987  0.07502  0.07691  0.03726 -0.01765  1.09680 -0.01956
  1.04589  0.03187  0.17048 -0.07568 -0.00714  1.06678  0.05220  0.06830  0.00671 -0.00698  1.08487 -0.00743
  1.04291  0.03026  0.16603 -0.07763 -0.03660  1.06886  0.03253  0.05412 -0.01979 -0.00064  1.07173  0.00038
  0.93859  0.05483  0.17559 -0.06980 -0.29648  1.13199  0.06737  0.05726 -0.13604  0.02492  1.08053  0.00132
  0.92389  0.05561  0.17448 -0.07706 -0.31530  1.13970  0.11425  0.03759 -0.14622  0.02650  1.08629 -0.00490
  1.14431  0.03396  0.14207 -0.07954 -0.08624  1.12077  0.10381  0.03177  0.07250  0.00801  1.07977 -0.01896
  1.27584  0.02432  0.07716 -0.07127 -0.10428  1.11526  0.05982  0.04053  0.17200  0.00342  1.05351 -0.02127
  1.08999  0.00214  0.02108 -0.06576  0.10561  1.12836  0.03715  0.03325 -0.01286 -0.01061  1.04492 -0.01426
  0.90755 -0.02267  0.00119 -0.05602  0.37612  1.15120 -0.03750  0.03653 -0.17938 -0.02716  1.06537 -0.01028
  1.02258 -0.00232 -0.01110 -0.06655  0.09838  1.08674 -0.09613  0.06609  0.00044  0.00942  1.08488 -0.04067
  1.02962 -0.00085 -0.02333 -0.05754 -0.04278  1.04710 -0.10251  0.07043  0.07924  0.02914  1.08738 -0.05705
  0.95915 -0.02162 -0.00724 -0.04916 -0.05622  1.04108 -0.10226  0.06438  0.09375  0.03107  1.07607 -0.06077
  0.98849 -0.00464  0.01334 -0.05006 -0.07455  1.03093 -0.10095  0.05772  0.05605  0.01295  1.06047 -0.05595
  1.04331  0.02549  0.02446 -0.05289 -0.06035  1.04023 -0.10393  0.06484  0.00676 -0.01390  1.06012 -0.05626
  1.05743  0.03213  0.01262 -0.05236 -0.07155  1.03520 -0.09949  0.06515  0.00424 -0.01355  1.06669 -0.05178
  1.03568  0.01559  0.00402 -0.04791 -0.06180  1.04645 -0.09642  0.08149  0.02983  0.00720  1.07019 -0.04637
  1.03433  0.01473 -0.00152 -0.04479 -0.03484  1.07053 -0.09889  0.09302  0.01595 -0.00314  1.07445 -0.04323
  1.03468  0.01209 -0.02102 -0.04129 -0.00295  1.10241 -0.10451  0.10450  0.03122  0.01389  1.07647 -0.03716
  1.05307  0.02898 -0.04682 -0.03519  0.01566  1.12073 -0.10759  0.09828  0.03872  0.02681  1.08102 -0.02410
  1.04978  0.01616 -0.08792 -0.03519  0.04282  1.15462 -0.12080  0.10281  0.05237  0.04776  1.08471 -0.01643
  1.08198  0.05586 -0.12733 -0.02827  0.01814  1.11639 -0.13752  0.10783  0.02195  0.00176  1.08534 -0.01692
  1.11740  0.11463 -0.15110 -0.01494  0.00688  1.09447 -0.14581  0.10976 -0.00526 -0.04422  1.08884 -0.01621
  1.13053  0.14325 -0.15540 -0.00523 -0.00637  1.06862 -0.14624  0.10832 -0.01876 -0.07148  1.08624 -0.01257
  1.11472  0.10222 -0.14822 -0.01358 -0.00618  1.07789 -0.12962  0.10939 -0.00171 -0.03426  1.07831 -0.01401
  1.09309  0.02836 -0.14743 -0.02550 -0.00923  1.07849 -0.10983  0.10581  0.00294 -0.01747  1.08110 -0.01052
  1.09032  0.00113 -0.16253 -0.03079 -0.01567  1.06288 -0.09416  0.10630 -0.00227 -0.02542  1.09276 -0.00669
  1.09106  0.00085 -0.16956 -0.03258 -0.01388  1.09714 -0.06040  0.09632 -0.00236 -0.01065  1.10648 -0.00585
  1.09167  0.01646 -0.15677 -0.04110 -0.01957  1.09790 -0.02221  0.09029 -0.00430 -0.02026  1.11749 -0.01322
  1.08939  0.01299 -0.13485 -0.04724 -0.02335  1.08946  0.01097  0.07741 -0.00344 -0.00546  1.11971 -0.01868
  1.08510  0.04895 -0.11863 -0.04100 -0.02159  1.02361  0.03842  0.05810 -0.00569  0.04598  1.11951 -0.01946
  1.08150  0.04737 -0.10401 -0.02978 -0.02387  1.02290  0.07225  0.03889 -0.00525  0.04110  1.11663 -0.01689
  1.08134  0.01819 -0.08725 -0.01827 -0.04103  1.09303  0.11404  0.02701  0.00066  0.00898  1.10702 -0.01013
  1.04230  0.13736 -0.07395  0.00429 -0.05431  1.13585  0.13134  0.02174  0.01298 -0.03893  1.09748 -0.00242
  0.96616  0.39601 -0.12687  0.02003 -0.04394  1.12025  0.12786 -0.00086  0.04681 -0.14475  1.10544 -0.01027
  1.00113  0.32922 -0.16526  0.02179 -0.03300  1.10473  0.11205 -0.01142  0.02889 -0.10231  1.10504 -0.01135
  1.14363  0.03674 -0.14177  0.00379 -0.12078  1.28310  0.11536 -0.02578 -0.06625  0.10034  1.07473 -0.00502
