Kalibrierrun vom Thu Mar 02 18:23:23 2000; RV; 004 Grad Schritte; fuer w positiv
auu auv auw au0 avu avv avw av0 awu awv aww aw0
  1.05083  0.03297 -0.03126 -0.04643 -0.03247  1.13673  0.15533 -0.05287 -0.00772  0.01791  1.08081 -0.02144
  1.02275  0.07271 -0.01001 -0.05155  0.00913  1.07382  0.15943 -0.06017 -0.00533  0.01553  1.07646 -0.02272
  1.02384  0.06676  0.01203 -0.05103 -0.00588  1.09579  0.15468 -0.06856  0.00461  0.00188  1.08181 -0.02293
  1.01593  0.07115  0.02608 -0.05208 -0.01251  1.11060  0.15418 -0.09326  0.00458 -0.00068  1.08416 -0.01565
  1.01765  0.07007  0.03512 -0.06082  0.01342  1.08640  0.14791 -0.09378 -0.01338  0.01766  1.07334 -0.01004
  1.02704  0.06311  0.03936 -0.06670  0.01658  1.08813  0.13285 -0.09565 -0.00281  0.00623  1.07585 -0.00219
  1.05236  0.04466  0.04789 -0.06995  0.02123  1.09141  0.11647 -0.10542  0.00111 -0.00032  1.08612  0.00973
  1.06149  0.03623  0.06091 -0.06418  0.02681  1.09404  0.09883 -0.11953 -0.00552  0.00134  1.09027  0.02114
  1.07144  0.02822  0.08471 -0.06461  0.06928  1.07347  0.08889 -0.12169 -0.01334  0.00604  1.09108  0.02384
  1.08993  0.01619  0.11410 -0.06566  0.06807  1.07737  0.07599 -0.12429 -0.00894  0.00433  1.09062  0.02580
  1.10596  0.00358  0.13473 -0.04669  0.06250  1.08204  0.06807 -0.12872 -0.00074  0.00127  1.08852  0.03172
  1.08343  0.00680  0.14711 -0.04041  0.09588  1.07516  0.05344 -0.12617 -0.01007  0.00460  1.08226  0.03337
  1.07018  0.00811  0.16548 -0.04811  0.10657  1.07067  0.03249 -0.09693 -0.01299  0.00556  1.07885  0.03338
  1.07249  0.00447  0.19508 -0.05679  0.09312  1.07397  0.00399 -0.07948 -0.01008  0.00564  1.07949  0.03037
  1.08105  0.00228  0.21743 -0.06546  0.08340  1.07738 -0.03068 -0.06205  0.01481  0.00464  1.08620  0.02412
  1.10739  0.00683  0.20204 -0.07151 -0.02830  1.07848 -0.05264 -0.04432  0.07081  0.00516  1.07980  0.02649
  1.17291  0.01769  0.16644 -0.07350 -0.10984  1.07306 -0.05872 -0.03493  0.03238  0.00454  1.06532  0.02662
  1.10721  0.01010  0.15011 -0.06483 -0.06114  1.08207 -0.07533 -0.03449  0.00212  0.00324  1.06245  0.01424
  1.10073  0.01183  0.13252 -0.06273 -0.08137  1.08120 -0.09892 -0.03561  0.01475  0.00790  1.06428  0.00004
  1.09120  0.01110  0.10642 -0.05003 -0.02029  1.10311 -0.11693 -0.04523 -0.01291  0.00089  1.07088 -0.01272
  1.07934  0.00734  0.07960 -0.02950  0.01385  1.12065 -0.13528 -0.05112 -0.02403 -0.00308  1.08321 -0.02794
  1.09610  0.01570  0.06119 -0.01737  0.00055  1.11806 -0.14411 -0.05881  0.00851  0.01285  1.08809 -0.04033
  1.12110  0.02968  0.05165 -0.01192 -0.02317  1.10512 -0.14059 -0.06173 -0.01065  0.00405  1.09122 -0.05106
  1.13520  0.03830  0.03278  0.00754 -0.07091  1.07591 -0.14437 -0.05872 -0.05273 -0.02112  1.08990 -0.05456
  1.10131  0.02015 -0.00892  0.01665 -0.06781  1.08168 -0.16005 -0.05151 -0.05564 -0.02444  1.09619 -0.05005
  1.13249  0.05653 -0.05791  0.01833 -0.00829  1.12993 -0.15959 -0.04263 -0.00266  0.01881  1.09585 -0.04508
  1.12744  0.06144 -0.08008  0.01091  0.01478  1.14347 -0.14364 -0.02543  0.03204  0.05226  1.08653 -0.03072
  1.21580  0.14712 -0.04699  0.01661 -0.17148  0.94433 -0.17993 -0.01424  0.10014  0.12356  1.09890 -0.01794
  1.25942  0.17630  0.02074  0.02936 -0.18277  0.94611 -0.23082 -0.01207  0.06002  0.05937  1.11162  0.00365
  1.23311  0.13258  0.02292  0.05897 -0.03793  1.16021 -0.23169 -0.01393 -0.09921 -0.17648  1.09955  0.01597
  1.27475  0.20838  0.02102  0.05838 -0.04627  1.13340 -0.18187 -0.02758 -0.12752 -0.21166  1.04974  0.02507
  1.06980 -0.23280  0.03933  0.07409 -0.03788  1.13753 -0.13171 -0.03085 -0.01609  0.02376  1.02619  0.03203
  0.98833 -0.41566 -0.02393  0.09866 -0.04585  1.10589 -0.08737 -0.03591  0.03968  0.15300  1.04641  0.02476
  1.06619 -0.14606 -0.08985  0.10490 -0.04402  1.09993 -0.05912 -0.04628 -0.00607 -0.00220  1.07261  0.02075
  1.10694  0.02292 -0.09995  0.09968 -0.04052  1.10238 -0.04567 -0.04657 -0.02470 -0.08257  1.08214  0.02223
  1.10528  0.01254 -0.09517  0.09461 -0.04509  1.04264 -0.04327 -0.02081 -0.02822 -0.10344  1.08866  0.02142
  1.10555  0.02410 -0.10764  0.09745 -0.03871  1.06581 -0.03311 -0.00132 -0.02116 -0.04734  1.08810  0.02847
  1.10650  0.06164 -0.11763  0.10049 -0.02723  1.15721 -0.00270  0.02306 -0.02029 -0.03749  1.08143  0.03763
  1.10667  0.10835 -0.12197  0.11000 -0.01476  1.07101  0.02964  0.04818 -0.02188  0.02784  1.08806  0.03546
  1.10863  0.08887 -0.12239  0.10938 -0.00592  1.03804  0.03619  0.06943 -0.02943  0.08948  1.10140  0.02960
  1.11038  0.08611 -0.12905  0.12033 -0.00721  1.05739  0.03972  0.07985 -0.02900  0.09247  1.10193  0.02977
  1.12486  0.01994 -0.13506  0.12512 -0.03514  1.17984  0.04909  0.08208 -0.01435  0.03078  1.09941  0.02926
  1.03791  0.30376 -0.09528  0.12988 -0.04071  1.21361  0.07059  0.09478  0.02137 -0.10124  1.08021  0.01218
  0.97720  0.48184  0.00136  0.10513 -0.03259  1.20371  0.11890  0.09637  0.02531 -0.13011  1.04798  0.01710
  1.24697 -0.08800  0.00383  0.05823 -0.02541  1.20363  0.15853  0.11238 -0.12018  0.17380  1.05795  0.03757
  1.28501 -0.16437 -0.00689  0.05154 -0.03965  1.25286  0.22519  0.12148 -0.13026  0.20506  1.10667  0.02783
  1.29650 -0.19411 -0.03644  0.03697  0.14377  0.98122  0.26052  0.09420  0.03998 -0.04500  1.13508  0.00954
  1.35719 -0.29337 -0.10582  0.02560  0.16537  0.93466  0.20885  0.08578  0.05155 -0.07361  1.11894 -0.01119
  1.19856 -0.12553 -0.14886  0.02239 -0.05977  1.17580  0.15319  0.09745 -0.01945 -0.00122  1.10331 -0.01140
  1.17461 -0.08948 -0.10166  0.02951 -0.02478  1.14643  0.15335  0.11344 -0.03174  0.01350  1.11063 -0.00660
  1.16794 -0.06528 -0.02632  0.03444  0.01923  1.10783  0.14295  0.12064 -0.07077  0.04592  1.10809 -0.01162
  1.18774 -0.06998  0.03390  0.01852 -0.00333  1.11923  0.11511  0.12932 -0.05365  0.03184  1.10008 -0.01566
  1.14106 -0.03864  0.05882  0.00443 -0.02219  1.12981  0.09667  0.13754 -0.00025  0.00072  1.10117 -0.01311
  1.07971 -0.00263  0.08053  0.00246 -0.09109  1.16152  0.07544  0.13003  0.07313 -0.03533  1.10137 -0.00418
  1.09226  0.00111  0.13274 -0.00085 -0.09884  1.15483  0.04428  0.10985  0.06007 -0.02567  1.09883  0.01732
  1.20369 -0.03270  0.18678 -0.02358 -0.06815  1.13108 -0.00322  0.09570 -0.00775  0.00153  1.09434  0.02959
  1.18957 -0.02850  0.20087 -0.04146 -0.08341  1.12407 -0.01943  0.06562 -0.09953  0.03436  1.10084  0.06043
  1.01365  0.01284  0.20458 -0.03381 -0.41250  1.20964  0.05191  0.07422 -0.20553  0.06413  1.11458  0.08283
  1.05563  0.01225  0.22500 -0.03090 -0.32566  1.20860  0.10848  0.07524 -0.08029  0.05024  1.12299  0.09415
  1.27597 -0.01178  0.20379 -0.04374 -0.07004  1.18978  0.10123  0.07596  0.21129  0.02845  1.11985  0.09253
  1.17003 -0.02007  0.15541 -0.04183 -0.13460  1.18842  0.08499  0.07937  0.21022  0.02273  1.08413  0.09703
  0.96634 -0.04132  0.11858 -0.03428  0.33833  1.21765  0.05198  0.07540 -0.09563 -0.00424  1.06369  0.09140
  0.97598 -0.03990  0.11541 -0.04132  0.28467  1.19341 -0.05280  0.09348 -0.12303 -0.00394  1.07664  0.08707
  1.10856 -0.01308  0.10545 -0.03804  0.01524  1.12784 -0.11260  0.11138  0.01443  0.02436  1.09366  0.06999
  1.08199 -0.02531  0.08813 -0.04413 -0.03818  1.11330 -0.11917  0.11598  0.11074  0.05097  1.10093  0.05812
  1.06797 -0.03374  0.08114 -0.05253 -0.04010  1.11001 -0.12044  0.10964  0.06196  0.03306  1.09686  0.05825
  1.11924 -0.01192  0.06708 -0.05292 -0.02828  1.11166 -0.13173  0.10353 -0.00335  0.00199  1.08679  0.05801
  1.15460 -0.00127  0.03027 -0.05854 -0.02384  1.10862 -0.14904  0.09054 -0.01344 -0.00479  1.08704  0.04931
  1.10756 -0.03482  0.00168 -0.05237  0.00651  1.12023 -0.17292  0.07473 -0.01170 -0.00594  1.08441  0.03764
  1.08112 -0.05648 -0.00554 -0.05541  0.03634  1.13590 -0.19698  0.06157 -0.00211 -0.00191  1.07968  0.02955
  1.04480 -0.08860 -0.01517 -0.05443  0.01628  1.11426 -0.21384  0.05480 -0.01310 -0.01382  1.07837  0.01920
  1.05362 -0.08129 -0.03541 -0.04523  0.00570  1.09950 -0.21739  0.04696 -0.01360 -0.01640  1.07329  0.01575
  1.03347 -0.10523 -0.05887 -0.03420  0.01940  1.11190 -0.20788  0.03350 -0.01322 -0.01651  1.06805  0.02020
  1.00856 -0.14241 -0.08000 -0.02923  0.01048  1.10149 -0.19745  0.02333 -0.01164 -0.01673  1.06458  0.01622
  1.05307 -0.08236 -0.10684 -0.02587  0.00179  1.09751 -0.17297  0.02200 -0.01844 -0.02358  1.07750  0.01528
  1.10462  0.00574 -0.11271 -0.02824 -0.00157  1.09984 -0.14207  0.01366 -0.04785 -0.07199  1.08608  0.01688
  1.13359  0.06219 -0.11092 -0.03112  0.00458  1.11819 -0.11196 -0.00320 -0.04568 -0.06953  1.09099  0.00710
  1.14293  0.06988 -0.13218 -0.03543  0.02397  1.16782 -0.09314 -0.01678 -0.03886 -0.05824  1.09535 -0.00942
  1.14895  0.07745 -0.14471 -0.04150  0.00474  1.11642 -0.07237 -0.02394 -0.01989 -0.01127  1.10109 -0.03381
  1.13610  0.01543 -0.14899 -0.04986  0.00751  1.13833 -0.06061 -0.02082 -0.01043  0.01748  1.10719 -0.05389
  1.12931 -0.03318 -0.15570 -0.05746  0.00695  1.14764 -0.04089 -0.02887 -0.00841  0.01533  1.09982 -0.05928
  1.12908 -0.03718 -0.15149 -0.06619  0.00497  1.15274 -0.02395 -0.03214 -0.00514  0.02358  1.09633 -0.06537
  1.13315  0.00426 -0.15189 -0.07554 -0.00186  1.14007 -0.00766 -0.01824 -0.00553 -0.00508  1.09472 -0.06953
  1.13127  0.00214 -0.14643 -0.07006 -0.00527  1.14385  0.00764 -0.01518 -0.00424 -0.03957  1.09374 -0.06738
  1.13095 -0.02809 -0.14041 -0.05894 -0.00452  1.11366  0.02338 -0.02168 -0.00787 -0.01410  1.09108 -0.06350
  1.13103 -0.06234 -0.11790 -0.05154  0.00510  1.06853  0.02873 -0.03472 -0.01774  0.04519  1.08786 -0.06168
  1.13184 -0.08477 -0.08394 -0.05842 -0.00284  1.07552  0.04219 -0.01940 -0.01449  0.03430  1.07610 -0.05421
  1.13217 -0.09990 -0.05164 -0.06213 -0.01209  1.09479  0.06446 -0.02574 -0.01654  0.04022  1.06481 -0.04124
  1.12164 -0.08848 -0.03029 -0.05563 -0.00652  1.07375  0.08295 -0.02956 -0.03214  0.07152  1.07355 -0.03066
  1.13418 -0.10208 -0.04235 -0.06035 -0.13038  1.30123  0.13465 -0.03348 -0.02115  0.04330  1.08371 -0.02539
