Kalibrierrun vom Fri May 12 23:56:24 2000; RV; 004 Grad Schritte; fuer w positiv
auu auv auw au0 avu avv avw av0 awu awv aww aw0
  0.98629  0.07490  0.01392 -0.04587 -0.01915  1.38650  0.13375 -0.00715 -0.00186 -0.01932  1.03810 -0.00845
  0.98634  0.02019  0.03242 -0.04850 -0.00770  1.04778  0.10436 -0.00672 -0.00350  0.02040  1.03246 -0.00866
  0.97590  0.06414  0.05138 -0.04657  0.00046  0.97220  0.09371 -0.00892  0.00264  0.00294  1.01724 -0.01374
  0.98111  0.02501  0.07357 -0.05353 -0.02312  1.07837  0.09092 -0.01263  0.00492 -0.00032  1.00820 -0.01389
  0.97376  0.04215  0.08949 -0.05395  0.00013  0.99469  0.08579 -0.01920  0.00835 -0.00718  0.99643 -0.01519
  0.98570  0.00913  0.10002 -0.05948  0.00988  0.97753  0.07698 -0.02781  0.00179  0.01515  0.98950 -0.01649
  0.97492  0.03409  0.11219 -0.06028  0.02567  0.93737  0.07154 -0.03324  0.00489  0.00962  0.98788 -0.01931
  0.98959  0.00511  0.12223 -0.06352  0.06068  0.88696  0.05769 -0.03288  0.00612  0.00944  0.98665 -0.02078
  0.94403  0.07115  0.12895 -0.05764  0.06454  0.89434  0.04544 -0.03933  0.00128  0.01946  0.98171 -0.02128
  0.95465  0.04853  0.12482 -0.04711  0.04632  0.92818  0.03072 -0.03923  0.00728  0.01066  0.98170 -0.02095
  0.97076  0.02485  0.11759 -0.04042  0.02257  0.95899  0.01526 -0.03566  0.01144  0.00478  0.98644 -0.02085
  0.92846  0.06578  0.10700 -0.03978  0.06239  0.92214  0.00375 -0.03600  0.02215 -0.00734  0.98896 -0.02010
  1.00150 -0.00252  0.10488 -0.03490  0.01581  0.96792 -0.01043 -0.03914  0.02966 -0.01749  0.99947 -0.01578
  0.99692  0.00075  0.10294 -0.03607  0.05814  0.94173 -0.03039 -0.04588  0.00176  0.00048  1.01066 -0.00893
  1.02380 -0.01673  0.10361 -0.03872  0.05835  0.94567 -0.05037 -0.04620 -0.01043  0.00913  1.01489 -0.01108
  0.96274  0.01792  0.10518 -0.03378  0.01707  0.97073 -0.05526 -0.04694  0.00259  0.00394  1.00747 -0.01801
  0.95012  0.02015  0.10042 -0.03132  0.00010  0.97968 -0.05020 -0.05322  0.01863 -0.00070  0.99288 -0.02107
  1.05247 -0.01763  0.08702 -0.03205  0.00886  0.97488 -0.05627 -0.05201 -0.00243  0.00849  0.98582 -0.01834
  1.03361 -0.00698  0.07110 -0.02616  0.01224  0.97652 -0.06682 -0.06195 -0.00343  0.00965  0.98527 -0.02261
  1.11332 -0.02309  0.04970 -0.02056  0.00590  0.97934 -0.07557 -0.06107 -0.01083  0.01101  0.98720 -0.02299
  1.00512  0.00050  0.03007 -0.01602  0.05060  0.97275 -0.08629 -0.05917  0.00192  0.00812  0.98931 -0.02267
  0.84943  0.01645  0.00992 -0.00489 -0.01724  0.98154 -0.08855 -0.06414  0.00575  0.00860  0.98953 -0.02620
  1.00836  0.00773 -0.00354  0.00050 -0.04980  0.98231 -0.08684 -0.06636 -0.00567  0.00910  0.98856 -0.02618
  1.00793  0.01279 -0.01892  0.00546 -0.02107  0.97948 -0.08626 -0.06577  0.00772  0.00845  0.98953 -0.02377
  1.03297  0.01862 -0.03647  0.01346 -0.03684  0.97456 -0.08023 -0.06550  0.00673  0.00833  0.98957 -0.02322
  0.98901  0.00794 -0.05594  0.02126 -0.05634  0.96842 -0.07000 -0.06643  0.01257  0.00955  0.98720 -0.02301
  1.01948  0.01486 -0.07365  0.03032  0.01836  0.98611 -0.06055 -0.06564  0.01704  0.01099  0.98385 -0.02004
  1.03005  0.02111 -0.09130  0.02970 -0.04396  0.96454 -0.05460 -0.05982 -0.00046  0.00428  0.98523 -0.01681
  1.23579  0.11709 -0.09832  0.03307  0.07911  1.01680 -0.05386 -0.05504 -0.02104 -0.00612  0.99357 -0.01524
  0.94274 -0.01776 -0.11117  0.03748 -0.05597  0.95318 -0.05612 -0.04981 -0.03526 -0.01519  1.00550 -0.01580
  0.93249 -0.02645 -0.12118  0.04226 -0.07011  0.94350 -0.05194 -0.05145 -0.03488 -0.01518  1.00572 -0.01520
  0.99090  0.01155 -0.13120  0.04467 -0.04226  0.95997 -0.04437 -0.05076 -0.03234 -0.01198  0.99748 -0.01493
  1.00799  0.02539 -0.13436  0.04657 -0.00527  0.98695 -0.03072 -0.04600 -0.02637 -0.00599  0.98976 -0.01522
  0.92492 -0.04372 -0.13029  0.04601 -0.07501  0.92617 -0.01796 -0.04669 -0.01837  0.00155  0.98732 -0.01549
  1.02340  0.05581 -0.12534  0.04779 -0.01071  0.98970 -0.00676 -0.04067 -0.02758 -0.00572  0.98032 -0.01906
  0.94949 -0.03058 -0.12422  0.04227 -0.06207  0.92684  0.00182 -0.04047 -0.01038  0.01482  0.97689 -0.01855
  0.96434 -0.01068 -0.11551  0.04319 -0.06782  0.91860  0.01219 -0.03982 -0.01065  0.01065  0.98183 -0.01515
  0.91440 -0.09762 -0.11166  0.04229 -0.04151  0.95648  0.02299 -0.04418  0.00072  0.02801  0.98766 -0.01444
  0.95283 -0.03109 -0.09805  0.03831 -0.05627  0.92764  0.02821 -0.03907 -0.01877 -0.00771  0.98198 -0.01216
  0.94635 -0.05319 -0.08407  0.03397 -0.04033  0.95977  0.03291 -0.04499 -0.03471 -0.04396  0.97341 -0.00590
  0.97152  0.00912 -0.06967  0.03203 -0.03647  0.95655  0.04336 -0.03235 -0.02953 -0.01930  0.95937 -0.01386
  1.04866  0.26765 -0.02817  0.03373 -0.01054  1.02582  0.05986 -0.03084  0.01952  0.15197  0.96201 -0.02175
  1.06436  0.29397  0.06690 -0.00938 -0.07624  0.70789  0.06327 -0.03163  0.02649  0.16172  0.98263 -0.01478
  1.17419  0.91469  0.24348 -0.05302 -0.06542  0.85527  0.03992 -0.02433  0.00329  0.02350  0.97532 -0.01476
  1.16191  0.32096  0.51803 -0.05461 -0.06318  1.11707  0.05359 -0.03177 -0.01384 -0.17514  0.94912 -0.00625
  1.15914 -1.16410  0.37369 -0.03851 -0.01450  2.27755  0.11594  0.02012 -0.01620 -0.22291  0.94872 -0.00716
  1.06771 -0.73665  0.05382 -0.02484  0.04180  0.92662  0.11252  0.03581 -0.02838  0.06832  0.98253 -0.01591
  1.02066 -0.25641  0.00108  0.03737  0.02761  0.97744  0.12021  0.01840 -0.03470  0.13316  1.00353 -0.02179
  0.97258  0.01109  0.01102  0.05162  0.05982  0.84327  0.11691  0.00798 -0.01653  0.04732  1.00318 -0.02553
  0.97393  0.01746  0.02603  0.05338  0.04541  0.89166  0.11496  0.01188 -0.00539  0.00652  0.99970 -0.02673
  0.98349 -0.00022  0.03890  0.04999  0.05363  0.86721  0.11984  0.01908  0.00188 -0.01561  0.99672 -0.02665
  0.98839 -0.00514  0.05522  0.04840  0.02082  0.94099  0.10662  0.01889 -0.00276 -0.00484  0.99947 -0.02496
  0.99917 -0.01572  0.07083  0.05121 -0.04431  1.04567  0.08044  0.01611 -0.00998  0.00712  0.99803 -0.02733
  1.01432 -0.03905  0.07529  0.04953 -0.05128  1.05076  0.06624  0.01822 -0.01223  0.01517  1.00225 -0.02128
  0.96310  0.02966  0.06857  0.04607 -0.02224  1.00539  0.05582  0.02851 -0.00672  0.00912  1.00282 -0.01536
  0.97736  0.01226  0.06699  0.04158  0.00027  0.97323  0.03664  0.03572  0.00662 -0.00618  1.00576 -0.01503
  0.96944  0.01783  0.06517  0.03831 -0.01906  0.98996  0.01305  0.04239 -0.00546  0.00592  1.00204 -0.01262
  0.95768  0.02548  0.06803  0.02864 -0.04370  1.00720 -0.00811  0.04316 -0.00769  0.00723  0.99697 -0.01130
  0.99287 -0.00387  0.07653  0.02752  0.01082  0.96288 -0.02818  0.03957  0.02713 -0.02051  0.99489 -0.01162
  0.91849  0.04136  0.09284  0.02167  0.03120  0.95082 -0.04381  0.03615  0.01947 -0.01517  0.99729 -0.01143
  0.91104  0.04399  0.09273  0.01840  0.00548  0.96515 -0.05588  0.04328  0.00395 -0.00641  0.99647 -0.00988
  0.97939  0.01216  0.07327  0.02104 -0.03176  0.98270 -0.06618  0.04819 -0.01842  0.00405  0.99425 -0.00992
  0.94316  0.02361  0.05080  0.01879 -0.04114  0.98520 -0.07968  0.04959  0.00499 -0.00648  0.99179 -0.01283
  0.93027  0.01803  0.03979  0.01406 -0.03227  0.98127 -0.09304  0.05415 -0.00040 -0.00511  0.99135 -0.01480
  0.91240  0.02088  0.03092  0.01228 -0.01051  0.97552 -0.10818  0.06057 -0.00580 -0.00466  0.99100 -0.01817
  0.94794  0.01121  0.01977  0.00813 -0.05186  0.98223 -0.12566  0.06723  0.00811 -0.00758  0.99105 -0.02063
  0.84062  0.01576  0.00675  0.00239 -0.01056  0.97730 -0.13519  0.07127 -0.00566 -0.00579  0.99497 -0.02285
  0.90300  0.00675 -0.00945 -0.00519  0.00462  0.97780 -0.13801  0.07067 -0.00223 -0.00583  0.99406 -0.02136
  0.94578  0.00159 -0.02437 -0.01059 -0.00982  0.97779 -0.13122  0.06663 -0.00450 -0.00622  0.99125 -0.01980
  0.94617  0.00142 -0.03668 -0.01631 -0.00911  0.97756 -0.12043  0.05614  0.00471 -0.00535  0.98738 -0.01583
  0.88918 -0.01011 -0.04987 -0.01845 -0.02561  0.97399 -0.11094  0.05206  0.00383 -0.00518  0.99043 -0.01711
  0.98710  0.01414 -0.05370 -0.02594  0.03107  0.99023 -0.10090  0.04976 -0.00055 -0.00529  0.99208 -0.01386
  0.92630 -0.00714 -0.05941 -0.02823 -0.01015  0.97739 -0.09001  0.04328  0.00294 -0.00238  0.99525 -0.00979
  0.90897 -0.01382 -0.06565 -0.02844 -0.05538  0.96184 -0.07236  0.04141  0.00984  0.00147  1.00028 -0.00969
  0.96026  0.00569 -0.07794 -0.02752 -0.03303  0.97199 -0.06077  0.04031  0.01397  0.00428  1.00632 -0.01107
  1.01556  0.03965 -0.08459 -0.02693 -0.03740  0.97307 -0.05340  0.04328  0.00048 -0.00428  1.00419 -0.01383
  1.00600  0.03253 -0.07513 -0.03176 -0.03076  0.97675 -0.04801  0.04191 -0.00653 -0.01159  0.98689 -0.01283
  0.97003  0.00328 -0.07408 -0.03435 -0.03931  0.97009 -0.03882  0.04228 -0.00204 -0.00981  0.97647 -0.01260
  0.96540 -0.00439 -0.07659 -0.03443 -0.04367  0.96594 -0.02429  0.04258  0.00843  0.00005  0.97550 -0.01228
  0.99452  0.02419 -0.07508 -0.03940  0.02740  1.04152 -0.00784  0.04255  0.01924  0.01254  0.98377 -0.01433
  0.97936  0.00592 -0.07744 -0.03942 -0.02945  0.97915  0.01729  0.03542  0.01388  0.00860  0.99505 -0.01734
  0.98689  0.01790 -0.07263 -0.03508 -0.01737  0.99528  0.03869  0.02756  0.01083  0.00594  1.00139 -0.01862
  0.99166  0.02437 -0.06173 -0.04270  0.00323  1.03037  0.05238  0.02648  0.00079 -0.00970  1.00470 -0.01854
  0.97360 -0.01619 -0.05900 -0.05230 -0.03779  0.95756  0.06760  0.02118 -0.00036 -0.01158  1.00611 -0.01969
  1.00161  0.05448 -0.04589 -0.05175  0.01165  1.08177  0.08054  0.01923 -0.00177 -0.01807  1.00152 -0.02106
  1.00620  0.08235 -0.02691 -0.05608  0.03234  1.16464  0.08967  0.01546  0.00015 -0.01178  0.99844 -0.01677
  0.99788  0.07662 -0.01008 -0.05538  0.00434  1.11052  0.09530  0.01739  0.00176 -0.00274  1.00103 -0.01646
  0.99189  0.06013  0.00175 -0.04918 -0.04264  0.86953  0.10151  0.01157  0.00148  0.00130  1.00689 -0.01614
  0.98848  0.04591  0.01071 -0.04969 -0.00733  1.10544  0.10922  0.00631  0.00290  0.03221  1.01654 -0.01071
  0.98723  0.04401  0.01080 -0.04669 -0.01588  1.08520  0.13506  0.00184  0.00167  0.03043  1.02940 -0.01329
