Kalibrierrun vom Fri May 12 23:57:46 2000; RV; 004 Grad Schritte; fuer w negativ
auu auv auw au0 avu avv avw av0 awu awv aww aw0
  0.98816 -0.04278  0.00859 -0.04497 -0.03434  1.51404  0.14581  0.00929  0.00111 -0.03935  0.99311 -0.00622
  0.99028 -0.05207  0.01712 -0.04640 -0.02761  1.16849  0.11407  0.00141 -0.00566  0.02960  0.98702 -0.00004
  0.98265  0.01561  0.02729 -0.05120 -0.01849  1.04850  0.09963 -0.00212 -0.00797  0.03805  0.98149  0.00198
  1.00213 -0.06470  0.04197 -0.05611 -0.02773  1.08242  0.09554 -0.00842 -0.00575  0.02658  0.97890  0.00050
  0.99216 -0.01713  0.05905 -0.05692 -0.02078  1.04686  0.09168 -0.00774  0.00236 -0.00448  0.97635  0.00033
  1.00840 -0.05175  0.07676 -0.05752 -0.00918  1.01468  0.08152 -0.01340 -0.00265  0.01007  0.97984  0.00088
  0.97723  0.02547  0.08553 -0.05761 -0.00977  1.00033  0.06554 -0.01824 -0.00147  0.00900  0.98117 -0.00017
  0.99230 -0.00547  0.08618 -0.05557  0.02723  0.93794  0.05313 -0.02247 -0.00292  0.01222  0.98346 -0.00022
  0.94728  0.06544  0.09494 -0.05348  0.03480  0.93166  0.03801 -0.03142 -0.00426  0.01692  0.98710 -0.00238
  0.95023  0.05544  0.09761 -0.05122 -0.00773  0.99242  0.01969 -0.03737  0.00333  0.00503  0.98362 -0.00112
  0.98449  0.00911  0.09444 -0.05022 -0.05214  1.04137 -0.00611 -0.04558  0.00343  0.00302  0.97817 -0.00015
  0.94107  0.04832  0.09919 -0.04512  0.00463  0.98076 -0.02705 -0.05275  0.00366  0.00307  0.97841 -0.00091
  1.01188 -0.01629  0.09794 -0.04243 -0.03780  1.01528 -0.04220 -0.05420  0.03371 -0.02353  0.98097  0.00017
  1.04127 -0.04211  0.10037 -0.03424 -0.02459  1.00376 -0.04975 -0.05201  0.03088 -0.02109  0.98971  0.00557
  0.98972 -0.00910  0.10056 -0.03265 -0.02043  1.00179 -0.05110 -0.05618  0.00007  0.00209  1.00019  0.00357
  0.88864  0.04686  0.08959 -0.02946  0.01473  0.98231 -0.05777 -0.06358 -0.01148  0.00971  1.00080 -0.00015
  0.86343  0.05256  0.07394 -0.02641  0.00176  0.98609 -0.06751 -0.05839 -0.00777  0.00770  0.99448 -0.00233
  0.96267  0.01132  0.06067 -0.02763 -0.00413  0.98473 -0.08004 -0.05532  0.00642  0.00045  0.98903  0.00084
  0.93568  0.01994  0.05201 -0.02358 -0.02403  0.99079 -0.09603 -0.06750  0.01234 -0.00182  0.98922  0.00262
  1.00929 -0.00053  0.04348 -0.01908 -0.03040  0.99028 -0.11150 -0.07265  0.00895 -0.00140  0.98753  0.00489
  0.93584  0.01032  0.02755 -0.01333  0.01064  0.98106 -0.12500 -0.07448  0.00275 -0.00042  0.98701  0.00643
  0.79341  0.02100  0.01452 -0.00703 -0.04267  0.98591 -0.13370 -0.08199 -0.00337  0.00076  0.98942  0.00541
  0.93249  0.00828 -0.00282 -0.00184 -0.03839  0.98602 -0.13065 -0.08389 -0.00081  0.00113  0.99225  0.00475
  0.93544  0.00779 -0.02328  0.00127 -0.01505  0.98428 -0.12491 -0.08331  0.00339  0.00107  0.99246  0.00508
  0.96451  0.00836 -0.03440  0.01323  0.01822  0.98582 -0.12388 -0.08354 -0.00256 -0.00024  0.99092  0.00671
  0.89157 -0.01117 -0.04640  0.01742 -0.00986  0.98177 -0.10826 -0.07533  0.00475  0.00118  0.98772  0.00214
  0.93590 -0.00487 -0.06007  0.02056  0.05335  1.00017 -0.08966 -0.06841  0.00724  0.00221  0.98839  0.00140
  0.95934 -0.00059 -0.07475  0.02350 -0.02322  0.97770 -0.06893 -0.06097  0.01048  0.00452  0.98940 -0.00388
  1.12704  0.07499 -0.09087  0.02600  0.09861  1.03440 -0.05350 -0.06265  0.02889  0.01304  0.99041 -0.00478
  0.87976 -0.04210 -0.10736  0.02436 -0.00690  0.98660 -0.04411 -0.06033  0.01079  0.00480  0.99779 -0.00163
  0.92000 -0.02267 -0.10992  0.02316 -0.01650  0.98024 -0.03842 -0.05207 -0.02173 -0.01315  1.00501  0.00341
  0.99094  0.02453 -0.09535  0.03030 -0.01331  0.98528 -0.02367 -0.05452 -0.04512 -0.02657  1.01031  0.00068
  1.00865  0.03922 -0.08497  0.03391  0.04487  1.03754 -0.00583 -0.05875 -0.02421 -0.00678  1.01860 -0.00485
  0.93312 -0.02397 -0.08636  0.03766 -0.03788  0.97074  0.01260 -0.05584 -0.00609  0.01030  1.02497 -0.00366
  1.01597  0.05863 -0.09855  0.04039  0.03341  1.04875  0.03625 -0.04545 -0.00676  0.01101  1.03143 -0.00449
  0.95299 -0.01744 -0.10257  0.03933 -0.03333  0.97282  0.05679 -0.03812  0.01725  0.04031  1.03798 -0.00051
  0.97665  0.01405 -0.10580  0.04142 -0.00969  1.01139  0.07141 -0.03560  0.02868  0.05437  1.03722  0.00504
  0.95700 -0.02302 -0.10572  0.04333 -0.00960  1.01091  0.08929 -0.02988  0.02732  0.04922  1.03420  0.01202
  0.98287  0.02836 -0.08979  0.04841 -0.03028  0.97906  0.10652 -0.03211  0.00358  0.00441  1.03317  0.01313
  0.97055  0.00570 -0.06975  0.04275 -0.04463  0.94711  0.11525 -0.03906 -0.01735 -0.04501  1.03249  0.01621
  0.98947  0.06203 -0.05681  0.04205 -0.05794  0.89605  0.09106 -0.03566 -0.01310 -0.02300  1.04302  0.00776
  1.11519  0.49253 -0.09207  0.03816 -0.01969  1.01609  0.06807 -0.05167  0.05169  0.18614  1.01350  0.00412
  1.19989  0.97054 -0.07482 -0.04380 -0.08579  0.71583  0.06164 -0.08364  0.04435  0.12055  0.97037 -0.00590
  1.31629  2.06022  0.04183 -0.12263 -0.05487  0.95337  0.03065 -0.08206  0.06313  0.31725  0.95734 -0.05628
  1.14682 -0.27863  0.06383 -0.08250 -0.03032  1.46400  0.01391 -0.04411  0.05538  0.21247  0.98735 -0.05083
  1.14427 -2.42397 -0.28563 -0.06919  0.02109  1.86732  0.05572  0.05401  0.05940 -0.69782  0.95572 -0.03179
  1.02219 -0.11192 -0.15968  0.03192  0.05273  0.83832  0.08789  0.02581  0.02584 -0.11491  1.00290 -0.00078
  1.04197 -0.29319 -0.01131  0.05457  0.01699  1.02065  0.08936  0.01547  0.00491  0.00249  1.02066 -0.01213
  0.96607  0.04917  0.04565  0.05524  0.05769  0.87034  0.06987  0.01526  0.01186 -0.01492  1.01254 -0.00408
  0.96464  0.04974  0.06170  0.05747  0.04095  0.93215  0.07370  0.02701  0.02035 -0.04521  1.00937 -0.00697
  0.95968  0.05911  0.07251  0.05084  0.06061  0.87252  0.07140  0.03645  0.02034 -0.04474  1.01020 -0.00695
  0.95950  0.05443  0.09021  0.05446  0.05346  0.89537  0.06996  0.03947  0.00728 -0.01451  1.00999 -0.00498
  0.97363  0.02860  0.09888  0.05969  0.01606  0.95838  0.07195  0.03996 -0.00782  0.01599  1.00771 -0.00184
  0.97278  0.02707  0.09734  0.05351  0.02076  0.95199  0.05396  0.03835 -0.00955  0.01985  1.00114 -0.00026
  0.94883  0.05909  0.10320  0.05492  0.04195  0.92201  0.03249  0.03713  0.00090  0.00564  0.99828  0.00098
  0.96429  0.03920  0.10453  0.05036  0.04034  0.92565  0.01805  0.03850  0.00476  0.00072  0.99813  0.00088
  0.97755  0.02464  0.10543  0.05467  0.04220  0.92821  0.00736  0.04392  0.01539 -0.01186  1.00392  0.00008
  0.96350  0.03395  0.10432  0.04580  0.01572  0.95619 -0.01025  0.04633  0.00988 -0.00757  1.00629 -0.00178
  0.98137  0.01790  0.09527  0.04260  0.06871  0.92131 -0.02404  0.04807 -0.00003 -0.00134  1.01062 -0.00294
  0.92300  0.05176  0.09047  0.04269  0.11508  0.89738 -0.03905  0.04456  0.00195 -0.00281  1.01602  0.00006
  0.98249  0.01449  0.08913  0.03460  0.06385  0.93048 -0.05357  0.04699  0.02344 -0.01476  1.01744  0.00225
  1.05885 -0.01686  0.08210  0.03450 -0.01635  0.97123 -0.05786  0.05390  0.02855 -0.01519  1.01001  0.00432
  1.01465  0.00128  0.08162  0.02723 -0.00937  0.97061 -0.06203  0.05865 -0.00143 -0.00208  0.99919  0.00311
  0.98223  0.00412  0.07644  0.01872  0.00797  0.96795 -0.07204  0.06423 -0.00332 -0.00024  0.99383  0.00588
  0.99967  0.00189  0.05848  0.01315  0.02301  0.96725 -0.08214  0.06527 -0.00666  0.00013  0.99486  0.00481
  1.01294  0.00077  0.03946  0.00804  0.00333  0.97310 -0.09386  0.06453  0.00199 -0.00034  0.99428  0.00886
  0.90525  0.01038  0.01960  0.00019 -0.00547  0.97492 -0.10044  0.06202 -0.00065  0.00029  0.99288  0.00910
  0.96231  0.00627  0.00437 -0.00929 -0.00258  0.97573 -0.09482  0.06374 -0.00118  0.00099  0.98867  0.00902
  1.00789  0.00625 -0.01278 -0.01227 -0.02974  0.97416 -0.09717  0.06099 -0.00181  0.00062  0.98861  0.00776
  1.01832  0.01258 -0.03201 -0.01876 -0.04980  0.97123 -0.09690  0.05929  0.01060  0.00207  0.98710  0.00713
  0.94207  0.00218 -0.04854 -0.02120 -0.06054  0.96717 -0.08826  0.06419  0.01267  0.00379  0.98132  0.00749
  1.05541  0.03371 -0.06610 -0.03034 -0.00534  0.97904 -0.07642  0.05733  0.00793  0.00317  0.97606  0.00504
  0.97486  0.01013 -0.07782 -0.02590 -0.05741  0.95919 -0.06255  0.05622 -0.00049  0.00078  0.97345  0.00523
  0.98029  0.01573 -0.08986 -0.02743 -0.04852  0.96143 -0.05619  0.05265 -0.02117 -0.00827  0.97753  0.00706
  1.01988  0.03114 -0.09353 -0.02885 -0.06772  0.94842 -0.06035  0.04416 -0.01234 -0.00566  0.98882  0.00832
  1.03499  0.04184 -0.08968 -0.03170 -0.12430  0.91536 -0.05306  0.04788  0.01866  0.01026  0.99311  0.00189
  0.97563  0.00197 -0.09163 -0.03110 -0.09311  0.93134 -0.03312  0.04742  0.02407  0.01423  0.98972 -0.00034
  0.95580 -0.01335 -0.09424 -0.03079 -0.08774  0.93028 -0.01795  0.04252  0.00416 -0.00101  0.98696 -0.00138
  0.95364 -0.01807 -0.09671 -0.03052 -0.10480  0.90713 -0.00013  0.03830 -0.01155 -0.01372  0.98487  0.00210
  1.00746  0.03767 -0.10261 -0.03622 -0.05832  0.95053  0.01483  0.03985 -0.00369 -0.00423  0.98138  0.00317
  0.97963  0.00663 -0.10698 -0.03735 -0.09462  0.90272  0.03263  0.04080  0.00593  0.00829  0.97540  0.00130
  0.98596  0.01181 -0.10407 -0.04170 -0.05849  0.94608  0.04251  0.04020  0.00294  0.00469  0.97353  0.00040
  0.98883  0.01375 -0.09536 -0.04457 -0.04188  0.96436  0.05417  0.03261 -0.00661 -0.01298  0.97300 -0.00327
  0.96204 -0.04512 -0.08394 -0.05016 -0.06520  0.91780  0.06474  0.03291 -0.00379 -0.00737  0.96987 -0.00412
  0.98739  0.01327 -0.08389 -0.05177 -0.02184  1.01695  0.07741  0.02962 -0.00329 -0.00755  0.97650 -0.00185
  0.98248  0.00590 -0.08358 -0.05338  0.00751  1.11209  0.08649  0.02560  0.00291  0.00705  0.98146 -0.00237
  0.97722 -0.01168 -0.06338 -0.04992 -0.00564  1.09766  0.09380  0.02144 -0.00036 -0.00481  0.97908 -0.00373
  0.98214 -0.00168 -0.04784 -0.04742 -0.05421  0.84783  0.09733  0.01872 -0.00217 -0.01039  0.97814 -0.00326
  0.98394 -0.00082 -0.02984 -0.04362 -0.02104  1.05307  0.10088  0.01422 -0.00172 -0.01464  0.98244 -0.00444
  0.98778  0.01894 -0.00762 -0.04535 -0.03434  0.87294  0.10603  0.01165  0.00065 -0.00611  0.99009 -0.00630
